5.000000000000000104e-04 5.000000000000000104e-04 5.000000000000000104e-04 5.000000000000000104e-04 5.000000000000000104e-04
1.123677449315865773e-01 1.123677449315865773e-01 1.123677449315865773e-01 1.123677449315865773e-01 1.123677449315865773e-01
1.589112022546560476e-01 1.589112022546560476e-01 1.589112022546560476e-01 1.589112022546560476e-01 1.589112022546560476e-01
1.946253588385395972e-01 1.946253588385395972e-01 1.946253588385395972e-01 1.946253588385395972e-01 1.946253588385395972e-01
2.247338212286713321e-01 2.247338212286713321e-01 2.247338212286713321e-01 2.247338212286713321e-01 2.247338212286713321e-01
2.512599261821321650e-01 2.512599261821321650e-01 2.512599261821321650e-01 2.512599261821321650e-01 2.512599261821321650e-01
2.752413679047184814e-01 2.752413679047184814e-01 2.752413679047184814e-01 2.752413679047184814e-01 2.752413679047184814e-01
2.972945857345382081e-01 2.972945857345382081e-01 2.972945857345382081e-01 2.972945857345382081e-01 2.972945857345382081e-01
3.178212246028902510e-01 3.178212246028902510e-01 3.178212246028902510e-01 3.178212246028902510e-01 3.178212246028902510e-01
3.371002683313836790e-01 3.371002683313836790e-01 3.371002683313836790e-01 3.371002683313836790e-01 3.371002683313836790e-01
3.553348435069392797e-01 3.553348435069392797e-01 3.553348435069392797e-01 3.553348435069392797e-01 3.553348435069392797e-01
3.726782943922427038e-01 3.726782943922427038e-01 3.726782943922427038e-01 3.726782943922427038e-01 3.726782943922427038e-01
3.892497542865264726e-01 3.892497542865264726e-01 3.892497542865264726e-01 3.892497542865264726e-01 3.892497542865264726e-01
4.051439636883799600e-01 4.051439636883799600e-01 4.051439636883799600e-01 4.051439636883799600e-01 4.051439636883799600e-01
4.204377378567977774e-01 4.204377378567977774e-01 4.204377378567977774e-01 4.204377378567977774e-01 4.204377378567977774e-01
4.351943835978946962e-01 4.351943835978946962e-01 4.351943835978946962e-01 4.351943835978946962e-01 4.351943835978946962e-01
4.494668081362200307e-01 4.494668081362200307e-01 4.494668081362200307e-01 4.494668081362200307e-01 4.494668081362200307e-01
4.632997644259834180e-01 4.632997644259834180e-01 4.632997644259834180e-01 4.632997644259834180e-01 4.632997644259834180e-01
4.767315091518304904e-01 4.767315091518304904e-01 4.767315091518304904e-01 4.767315091518304904e-01 4.767315091518304904e-01
4.897950509337470337e-01 4.897950509337470337e-01 4.897950509337470337e-01 4.897950509337470337e-01 4.897950509337470337e-01
5.025191061245353197e-01 5.025191061245353197e-01 5.025191061245353197e-01 5.025191061245353197e-01 5.025191061245353197e-01
5.149288418036147563e-01 5.149288418036147563e-01 5.149288418036147563e-01 5.149288418036147563e-01 5.149288418036147563e-01
5.270464611608943750e-01 5.270464611608943750e-01 5.270464611608943750e-01 5.270464611608943750e-01 5.270464611608943750e-01
5.388916703041830569e-01 5.388916703041830569e-01 5.388916703041830569e-01 5.388916703041830569e-01 5.388916703041830569e-01
5.504820545887416650e-01 5.504820545887416650e-01 5.504820545887416650e-01 5.504820545887416650e-01 5.504820545887416650e-01
5.618333850219765502e-01 5.618333850219765502e-01 5.618333850219765502e-01 5.618333850219765502e-01 5.618333850219765502e-01
5.729598699963747155e-01 5.729598699963747155e-01 5.729598699963747155e-01 5.729598699963747155e-01 5.729598699963747155e-01
5.838743638209102915e-01 5.838743638209102915e-01 5.838743638209102915e-01 5.838743638209102915e-01 5.838743638209102915e-01
5.945885407811714041e-01 5.945885407811714041e-01 5.945885407811714041e-01 5.945885407811714041e-01 5.945885407811714041e-01
6.051130414470448082e-01 6.051130414470448082e-01 6.051130414470448082e-01 6.051130414470448082e-01 6.051130414470448082e-01
6.154575964518619324e-01 6.154575964518619324e-01 6.154575964518619324e-01 6.154575964518619324e-01 6.154575964518619324e-01
6.256311318431277968e-01 6.256311318431277968e-01 6.256311318431277968e-01 6.256311318431277968e-01 6.256311318431277968e-01
6.356418592512007582e-01 6.356418592512007582e-01 6.356418592512007582e-01 6.356418592512007582e-01 6.356418592512007582e-01
6.454973534673347224e-01 6.454973534673347224e-01 6.454973534673347224e-01 6.454973534673347224e-01 6.454973534673347224e-01
6.552046195154177521e-01 6.552046195154177521e-01 6.552046195154177521e-01 6.552046195154177521e-01 6.552046195154177521e-01
6.647701509058251412e-01 6.647701509058251412e-01 6.647701509058251412e-01 6.647701509058251412e-01 6.647701509058251412e-01
6.741999804482077252e-01 6.741999804482077252e-01 6.741999804482077252e-01 6.741999804482077252e-01 6.741999804482077252e-01
6.834997247529611686e-01 6.834997247529611686e-01 6.834997247529611686e-01 6.834997247529611686e-01 6.834997247529611686e-01
6.926746233538397801e-01 6.926746233538397801e-01 6.926746233538397801e-01 6.926746233538397801e-01 6.926746233538397801e-01
7.017295732256080276e-01 7.017295732256080276e-01 7.017295732256080276e-01 7.017295732256080276e-01 7.017295732256080276e-01
7.106691593423792863e-01 7.106691593423792863e-01 7.106691593423792863e-01 7.106691593423792863e-01 7.106691593423792863e-01
7.194976818179570355e-01 7.194976818179570355e-01 7.194976818179570355e-01 7.194976818179570355e-01 7.194976818179570355e-01
7.282191800841448792e-01 7.282191800841448792e-01 7.282191800841448792e-01 7.282191800841448792e-01 7.282191800841448792e-01
7.368374544928035785e-01 7.368374544928035785e-01 7.368374544928035785e-01 7.368374544928035785e-01 7.368374544928035785e-01
7.453560856694231296e-01 7.453560856694231296e-01 7.453560856694231296e-01 7.453560856694231296e-01 7.453560856694231296e-01
7.537784518978070114e-01 7.537784518978070114e-01 7.537784518978070114e-01 7.537784518978070114e-01 7.537784518978070114e-01
7.621077447752808709e-01 7.621077447752808709e-01 7.621077447752808709e-01 7.621077447752808709e-01 7.621077447752808709e-01
7.703469833441777270e-01 7.703469833441777270e-01 7.703469833441777270e-01 7.703469833441777270e-01 7.703469833441777270e-01
7.784990268770314303e-01 7.784990268770314303e-01 7.784990268770314303e-01 7.784990268770314303e-01 7.784990268770314303e-01
7.865665864690001285e-01 7.865665864690001285e-01 7.865665864690001285e-01 7.865665864690001285e-01 7.865665864690001285e-01
7.945522355707679285e-01 7.945522355707679285e-01 7.945522355707679285e-01 7.945522355707679285e-01 7.945522355707679285e-01
8.024584195779337348e-01 8.024584195779337348e-01 8.024584195779337348e-01 8.024584195779337348e-01 8.024584195779337348e-01
8.102874645781739105e-01 8.102874645781739105e-01 8.102874645781739105e-01 8.102874645781739105e-01 8.102874645781739105e-01
8.180415853448621544e-01 8.180415853448621544e-01 8.180415853448621544e-01 8.180415853448621544e-01 8.180415853448621544e-01
8.257228926550028714e-01 8.257228926550028714e-01 8.257228926550028714e-01 8.257228926550028714e-01 8.257228926550028714e-01
8.333333999999973374e-01 8.333333999999973374e-01 8.333333999999973374e-01 8.333333999999973374e-01 8.333333999999973374e-01
8.408750297497039616e-01 8.408750297497039616e-01 8.408750297497039616e-01 8.408750297497039616e-01 8.408750297497039616e-01
8.483496188232630963e-01 8.483496188232630963e-01 8.483496188232630963e-01 8.483496188232630963e-01 8.483496188232630963e-01
8.557589239140810378e-01 8.557589239140810378e-01 8.557589239140810378e-01 8.557589239140810378e-01 8.557589239140810378e-01
8.631046263110839778e-01 8.631046263110839778e-01 8.631046263110839778e-01 8.631046263110839778e-01 8.631046263110839778e-01
8.703883363537255891e-01 8.703883363537255891e-01 8.703883363537255891e-01 8.703883363537255891e-01 8.703883363537255891e-01
8.776115975541891601e-01 8.776115975541891601e-01 8.776115975541891601e-01 8.776115975541891601e-01 8.776115975541891601e-01
8.847758904166785898e-01 8.847758904166785898e-01 8.847758904166785898e-01 8.847758904166785898e-01 8.847758904166785898e-01
8.918826359805623882e-01 8.918826359805623882e-01 8.918826359805623882e-01 8.918826359805623882e-01 8.918826359805623882e-01
8.989331991113946874e-01 8.989331991113946874e-01 8.989331991113946874e-01 8.989331991113946874e-01 8.989331991113946874e-01
9.059288915613943338e-01 9.059288915613943338e-01 9.059288915613943338e-01 9.059288915613943338e-01 9.059288915613943338e-01
9.128709748188221784e-01 9.128709748188221784e-01 9.128709748188221784e-01 9.128709748188221784e-01 9.128709748188221784e-01
9.197606627637847643e-01 9.197606627637847643e-01 9.197606627637847643e-01 9.197606627637847643e-01 9.197606627637847643e-01
9.265991241462981920e-01 9.265991241462981920e-01 9.265991241462981920e-01 9.265991241462981920e-01 9.265991241462981920e-01
9.333874849009370367e-01 9.333874849009370367e-01 9.333874849009370367e-01 9.333874849009370367e-01 9.333874849009370367e-01
9.401268303110528191e-01 9.401268303110528191e-01 9.401268303110528191e-01 9.401268303110528191e-01 9.401268303110528191e-01
9.468182070343372780e-01 9.468182070343372780e-01 9.468182070343372780e-01 9.468182070343372780e-01 9.468182070343372780e-01
9.534626250004387682e-01 9.534626250004387682e-01 9.534626250004387682e-01 9.534626250004387682e-01 9.534626250004387682e-01
9.600610591903711022e-01 9.600610591903711022e-01 9.600610591903711022e-01 9.600610591903711022e-01 9.600610591903711022e-01
9.666144513065938471e-01 9.666144513065938471e-01 9.666144513065938471e-01 9.666144513065938471e-01 9.666144513065938471e-01
9.731237113418610418e-01 9.731237113418610418e-01 9.731237113418610418e-01 9.731237113418610418e-01 9.731237113418610418e-01
9.795897190542414146e-01 9.795897190542414146e-01 9.795897190542414146e-01 9.795897190542414146e-01 9.795897190542414146e-01
9.860133253550773524e-01 9.860133253550773524e-01 9.860133253550773524e-01 9.860133253550773524e-01 9.860133253550773524e-01
9.923953536160817768e-01 9.923953536160817768e-01 9.923953536160817768e-01 9.923953536160817768e-01 9.923953536160817768e-01
9.987366009012575985e-01 9.987366009012575985e-01 9.987366009012575985e-01 9.987366009012575985e-01 9.987366009012575985e-01
1.005037839128859911e+00 1.005037839128859911e+00 1.005037839128859911e+00 1.005037839128859911e+00 1.005037839128859911e+00
1.011299816168191645e+00 1.011299816168191645e+00 1.011299816168191645e+00 1.011299816168191645e+00 1.011299816168191645e+00
1.017523256875649151e+00 1.017523256875649151e+00 1.017523256875649151e+00 1.017523256875649151e+00 1.017523256875649151e+00
1.023708864074077685e+00 1.023708864074077685e+00 1.023708864074077685e+00 1.023708864074077685e+00 1.023708864074077685e+00
1.029857319479183131e+00 1.029857319479183131e+00 1.029857319479183131e+00 1.029857319479183131e+00 1.029857319479183131e+00
1.035969284576458094e+00 1.035969284576458094e+00 1.035969284576458094e+00 1.035969284576458094e+00 1.035969284576458094e+00
1.042045401451812348e+00 1.042045401451812348e+00 1.042045401451812348e+00 1.042045401451812348e+00 1.042045401451812348e+00
1.048086293578863071e+00 1.048086293578863071e+00 1.048086293578863071e+00 1.048086293578863071e+00 1.048086293578863071e+00
1.054092566565616673e+00 1.054092566565616673e+00 1.054092566565616673e+00 1.054092566565616673e+00 1.054092566565616673e+00
1.060064808863070862e+00 1.060064808863070862e+00 1.060064808863070862e+00 1.060064808863070862e+00 1.060064808863070862e+00
1.066003592438087955e+00 1.066003592438087955e+00 1.066003592438087955e+00 1.066003592438087955e+00 1.066003592438087955e+00
1.071909473412712810e+00 1.071909473412712810e+00 1.071909473412712810e+00 1.071909473412712810e+00 1.071909473412712810e+00
1.077782992671961537e+00 1.077782992671961537e+00 1.077782992671961537e+00 1.077782992671961537e+00 1.077782992671961537e+00
1.083624676441958590e+00 1.083624676441958590e+00 1.083624676441958590e+00 1.083624676441958590e+00 1.083624676441958590e+00
1.089435036840173288e+00 1.089435036840173288e+00 1.089435036840173288e+00 1.089435036840173288e+00 1.089435036840173288e+00
1.095214572399381359e+00 1.095214572399381359e+00 1.095214572399381359e+00 1.095214572399381359e+00 1.095214572399381359e+00
1.100963768566872281e+00 1.100963768566872281e+00 1.100963768566872281e+00 1.100963768566872281e+00 1.100963768566872281e+00
1.106683098180314628e+00 1.106683098180314628e+00 1.106683098180314628e+00 1.106683098180314628e+00 1.106683098180314628e+00
1.112373021921598815e+00 1.112373021921598815e+00 1.112373021921598815e+00 1.112373021921598815e+00 1.112373021921598815e+00
1.118033988749894903e+00 1.118033988749894903e+00 1.118033988749894903e+00 1.118033988749894903e+00 1.118033988749894903e+00
