4.999999999999999774e-07 4.999999999999999774e-07 4.999999999999999774e-07 4.999999999999999774e-07 4.999999999999999774e-07
2.525302020202020367e-02 2.525302020202020367e-02 2.525302020202020367e-02 2.525302020202020367e-02 2.525302020202020367e-02
5.050554040404040684e-02 5.050554040404040684e-02 5.050554040404040684e-02 5.050554040404040684e-02 5.050554040404040684e-02
7.575806060606060655e-02 7.575806060606060655e-02 7.575806060606060655e-02 7.575806060606060655e-02 7.575806060606060655e-02
1.010105808080808132e-01 1.010105808080808132e-01 1.010105808080808132e-01 1.010105808080808132e-01 1.010105808080808132e-01
1.262631010101009921e-01 1.262631010101009921e-01 1.262631010101009921e-01 1.262631010101009921e-01 1.262631010101009921e-01
1.515156212121211987e-01 1.515156212121211987e-01 1.515156212121211987e-01 1.515156212121211987e-01 1.515156212121211987e-01
1.767681414141413776e-01 1.767681414141413776e-01 1.767681414141413776e-01 1.767681414141413776e-01 1.767681414141413776e-01
2.020206616161616120e-01 2.020206616161616120e-01 2.020206616161616120e-01 2.020206616161616120e-01 2.020206616161616120e-01
2.272731818181817909e-01 2.272731818181817909e-01 2.272731818181817909e-01 2.272731818181817909e-01 2.272731818181817909e-01
2.525257020202020253e-01 2.525257020202020253e-01 2.525257020202020253e-01 2.525257020202020253e-01 2.525257020202020253e-01
2.777782222222222042e-01 2.777782222222222042e-01 2.777782222222222042e-01 2.777782222222222042e-01 2.777782222222222042e-01
3.030307424242424386e-01 3.030307424242424386e-01 3.030307424242424386e-01 3.030307424242424386e-01 3.030307424242424386e-01
3.282832626262626730e-01 3.282832626262626730e-01 3.282832626262626730e-01 3.282832626262626730e-01 3.282832626262626730e-01
3.535357828282827963e-01 3.535357828282827963e-01 3.535357828282827963e-01 3.535357828282827963e-01 3.535357828282827963e-01
3.787883030303030307e-01 3.787883030303030307e-01 3.787883030303030307e-01 3.787883030303030307e-01 3.787883030303030307e-01
4.040408232323232651e-01 4.040408232323232651e-01 4.040408232323232651e-01 4.040408232323232651e-01 4.040408232323232651e-01
4.292933434343434440e-01 4.292933434343434440e-01 4.292933434343434440e-01 4.292933434343434440e-01 4.292933434343434440e-01
4.545458636363636784e-01 4.545458636363636784e-01 4.545458636363636784e-01 4.545458636363636784e-01 4.545458636363636784e-01
4.797983838383837463e-01 4.797983838383837463e-01 4.797983838383837463e-01 4.797983838383837463e-01 4.797983838383837463e-01
5.050509040404039807e-01 5.050509040404039807e-01 5.050509040404039807e-01 5.050509040404039807e-01 5.050509040404039807e-01
5.303034242424241596e-01 5.303034242424241596e-01 5.303034242424241596e-01 5.303034242424241596e-01 5.303034242424241596e-01
5.555559444444443384e-01 5.555559444444443384e-01 5.555559444444443384e-01 5.555559444444443384e-01 5.555559444444443384e-01
5.808084646464646283e-01 5.808084646464646283e-01 5.808084646464646283e-01 5.808084646464646283e-01 5.808084646464646283e-01
6.060609848484848072e-01 6.060609848484848072e-01 6.060609848484848072e-01 6.060609848484848072e-01 6.060609848484848072e-01
6.313135050505049861e-01 6.313135050505049861e-01 6.313135050505049861e-01 6.313135050505049861e-01 6.313135050505049861e-01
6.565660252525252760e-01 6.565660252525252760e-01 6.565660252525252760e-01 6.565660252525252760e-01 6.565660252525252760e-01
6.818185454545453439e-01 6.818185454545453439e-01 6.818185454545453439e-01 6.818185454545453439e-01 6.818185454545453439e-01
7.070710656565655228e-01 7.070710656565655228e-01 7.070710656565655228e-01 7.070710656565655228e-01 7.070710656565655228e-01
7.323235858585858127e-01 7.323235858585858127e-01 7.323235858585858127e-01 7.323235858585858127e-01 7.323235858585858127e-01
7.575761060606059916e-01 7.575761060606059916e-01 7.575761060606059916e-01 7.575761060606059916e-01 7.575761060606059916e-01
7.828286262626262815e-01 7.828286262626262815e-01 7.828286262626262815e-01 7.828286262626262815e-01 7.828286262626262815e-01
8.080811464646465714e-01 8.080811464646465714e-01 8.080811464646465714e-01 8.080811464646465714e-01 8.080811464646465714e-01
8.333336666666665282e-01 8.333336666666665282e-01 8.333336666666665282e-01 8.333336666666665282e-01 8.333336666666665282e-01
8.585861868686867071e-01 8.585861868686867071e-01 8.585861868686867071e-01 8.585861868686867071e-01 8.585861868686867071e-01
8.838387070707069970e-01 8.838387070707069970e-01 8.838387070707069970e-01 8.838387070707069970e-01 8.838387070707069970e-01
9.090912272727272869e-01 9.090912272727272869e-01 9.090912272727272869e-01 9.090912272727272869e-01 9.090912272727272869e-01
9.343437474747474658e-01 9.343437474747474658e-01 9.343437474747474658e-01 9.343437474747474658e-01 9.343437474747474658e-01
9.595962676767675337e-01 9.595962676767675337e-01 9.595962676767675337e-01 9.595962676767675337e-01 9.595962676767675337e-01
9.848487878787879346e-01 9.848487878787879346e-01 9.848487878787879346e-01 9.848487878787879346e-01 9.848487878787879346e-01
1.010101308080808113e+00 1.010101308080808113e+00 1.010101308080808113e+00 1.010101308080808113e+00 1.010101308080808113e+00
1.035353828282828292e+00 1.035353828282828292e+00 1.035353828282828292e+00 1.035353828282828292e+00 1.035353828282828292e+00
1.060606348484848471e+00 1.060606348484848471e+00 1.060606348484848471e+00 1.060606348484848471e+00 1.060606348484848471e+00
1.085858868686868872e+00 1.085858868686868872e+00 1.085858868686868872e+00 1.085858868686868872e+00 1.085858868686868872e+00
1.111111388888888829e+00 1.111111388888888829e+00 1.111111388888888829e+00 1.111111388888888829e+00 1.111111388888888829e+00
1.136363909090909008e+00 1.136363909090909008e+00 1.136363909090909008e+00 1.136363909090909008e+00 1.136363909090909008e+00
1.161616429292929409e+00 1.161616429292929409e+00 1.161616429292929409e+00 1.161616429292929409e+00 1.161616429292929409e+00
1.186868949494949588e+00 1.186868949494949588e+00 1.186868949494949588e+00 1.186868949494949588e+00 1.186868949494949588e+00
1.212121469696969767e+00 1.212121469696969767e+00 1.212121469696969767e+00 1.212121469696969767e+00 1.212121469696969767e+00
1.237373989898989946e+00 1.237373989898989946e+00 1.237373989898989946e+00 1.237373989898989946e+00 1.237373989898989946e+00
1.262626510101010124e+00 1.262626510101010124e+00 1.262626510101010124e+00 1.262626510101010124e+00 1.262626510101010124e+00
1.287879030303030303e+00 1.287879030303030303e+00 1.287879030303030303e+00 1.287879030303030303e+00 1.287879030303030303e+00
1.313131550505050704e+00 1.313131550505050704e+00 1.313131550505050704e+00 1.313131550505050704e+00 1.313131550505050704e+00
1.338384070707070661e+00 1.338384070707070661e+00 1.338384070707070661e+00 1.338384070707070661e+00 1.338384070707070661e+00
1.363636590909090840e+00 1.363636590909090840e+00 1.363636590909090840e+00 1.363636590909090840e+00 1.363636590909090840e+00
1.388889111111111241e+00 1.388889111111111241e+00 1.388889111111111241e+00 1.388889111111111241e+00 1.388889111111111241e+00
1.414141631313131198e+00 1.414141631313131198e+00 1.414141631313131198e+00 1.414141631313131198e+00 1.414141631313131198e+00
1.439394151515151599e+00 1.439394151515151599e+00 1.439394151515151599e+00 1.439394151515151599e+00 1.439394151515151599e+00
1.464646671717171778e+00 1.464646671717171778e+00 1.464646671717171778e+00 1.464646671717171778e+00 1.464646671717171778e+00
1.489899191919191734e+00 1.489899191919191734e+00 1.489899191919191734e+00 1.489899191919191734e+00 1.489899191919191734e+00
1.515151712121212135e+00 1.515151712121212135e+00 1.515151712121212135e+00 1.515151712121212135e+00 1.515151712121212135e+00
1.540404232323232314e+00 1.540404232323232314e+00 1.540404232323232314e+00 1.540404232323232314e+00 1.540404232323232314e+00
1.565656752525252715e+00 1.565656752525252715e+00 1.565656752525252715e+00 1.565656752525252715e+00 1.565656752525252715e+00
1.590909272727272672e+00 1.590909272727272672e+00 1.590909272727272672e+00 1.590909272727272672e+00 1.590909272727272672e+00
1.616161792929292851e+00 1.616161792929292851e+00 1.616161792929292851e+00 1.616161792929292851e+00 1.616161792929292851e+00
1.641414313131313030e+00 1.641414313131313030e+00 1.641414313131313030e+00 1.641414313131313030e+00 1.641414313131313030e+00
1.666666833333333431e+00 1.666666833333333431e+00 1.666666833333333431e+00 1.666666833333333431e+00 1.666666833333333431e+00
1.691919353535353387e+00 1.691919353535353387e+00 1.691919353535353387e+00 1.691919353535353387e+00 1.691919353535353387e+00
1.717171873737373788e+00 1.717171873737373788e+00 1.717171873737373788e+00 1.717171873737373788e+00 1.717171873737373788e+00
1.742424393939393967e+00 1.742424393939393967e+00 1.742424393939393967e+00 1.742424393939393967e+00 1.742424393939393967e+00
1.767676914141414368e+00 1.767676914141414368e+00 1.767676914141414368e+00 1.767676914141414368e+00 1.767676914141414368e+00
1.792929434343434547e+00 1.792929434343434547e+00 1.792929434343434547e+00 1.792929434343434547e+00 1.792929434343434547e+00
1.818181954545454726e+00 1.818181954545454726e+00 1.818181954545454726e+00 1.818181954545454726e+00 1.818181954545454726e+00
1.843434474747474461e+00 1.843434474747474461e+00 1.843434474747474461e+00 1.843434474747474461e+00 1.843434474747474461e+00
1.868686994949495084e+00 1.868686994949495084e+00 1.868686994949495084e+00 1.868686994949495084e+00 1.868686994949495084e+00
1.893939515151515263e+00 1.893939515151515263e+00 1.893939515151515263e+00 1.893939515151515263e+00 1.893939515151515263e+00
1.919192035353535219e+00 1.919192035353535219e+00 1.919192035353535219e+00 1.919192035353535219e+00 1.919192035353535219e+00
1.944444555555555398e+00 1.944444555555555398e+00 1.944444555555555398e+00 1.944444555555555398e+00 1.944444555555555398e+00
1.969697075757576021e+00 1.969697075757576021e+00 1.969697075757576021e+00 1.969697075757576021e+00 1.969697075757576021e+00
1.994949595959595756e+00 1.994949595959595756e+00 1.994949595959595756e+00 1.994949595959595756e+00 1.994949595959595756e+00
2.020202116161616157e+00 2.020202116161616157e+00 2.020202116161616157e+00 2.020202116161616157e+00 2.020202116161616157e+00
2.045454636363636336e+00 2.045454636363636336e+00 2.045454636363636336e+00 2.045454636363636336e+00 2.045454636363636336e+00
2.070707156565656515e+00 2.070707156565656515e+00 2.070707156565656515e+00 2.070707156565656515e+00 2.070707156565656515e+00
2.095959676767676694e+00 2.095959676767676694e+00 2.095959676767676694e+00 2.095959676767676694e+00 2.095959676767676694e+00
2.121212196969696873e+00 2.121212196969696873e+00 2.121212196969696873e+00 2.121212196969696873e+00 2.121212196969696873e+00
2.146464717171717052e+00 2.146464717171717052e+00 2.146464717171717052e+00 2.146464717171717052e+00 2.146464717171717052e+00
2.171717237373737674e+00 2.171717237373737674e+00 2.171717237373737674e+00 2.171717237373737674e+00 2.171717237373737674e+00
2.196969757575757409e+00 2.196969757575757409e+00 2.196969757575757409e+00 2.196969757575757409e+00 2.196969757575757409e+00
2.222222277777777588e+00 2.222222277777777588e+00 2.222222277777777588e+00 2.222222277777777588e+00 2.222222277777777588e+00
2.247474797979798211e+00 2.247474797979798211e+00 2.247474797979798211e+00 2.247474797979798211e+00 2.247474797979798211e+00
2.272727318181817946e+00 2.272727318181817946e+00 2.272727318181817946e+00 2.272727318181817946e+00 2.272727318181817946e+00
2.297979838383838569e+00 2.297979838383838569e+00 2.297979838383838569e+00 2.297979838383838569e+00 2.297979838383838569e+00
2.323232358585858748e+00 2.323232358585858748e+00 2.323232358585858748e+00 2.323232358585858748e+00 2.323232358585858748e+00
2.348484878787878927e+00 2.348484878787878927e+00 2.348484878787878927e+00 2.348484878787878927e+00 2.348484878787878927e+00
2.373737398989899106e+00 2.373737398989899106e+00 2.373737398989899106e+00 2.373737398989899106e+00 2.373737398989899106e+00
2.398989919191919284e+00 2.398989919191919284e+00 2.398989919191919284e+00 2.398989919191919284e+00 2.398989919191919284e+00
2.424242439393939463e+00 2.424242439393939463e+00 2.424242439393939463e+00 2.424242439393939463e+00 2.424242439393939463e+00
2.449494959595959642e+00 2.449494959595959642e+00 2.449494959595959642e+00 2.449494959595959642e+00 2.449494959595959642e+00
2.474747479797979821e+00 2.474747479797979821e+00 2.474747479797979821e+00 2.474747479797979821e+00 2.474747479797979821e+00
2.500000000000000000e+00 2.500000000000000000e+00 2.500000000000000000e+00 2.500000000000000000e+00 2.500000000000000000e+00
