1.000000000000000000e+00 1.000000000000000000e+00 1.000000000000000000e+00 1.000000000000000000e+00 1.000000000000000000e+00 1.000000000000000000e+00
1.000000000000000000e+00 1.000000000000000000e+00 1.000000000000000000e+00 1.000000000000000000e+00 1.000000000000000000e+00 1.000000000000000000e+00
1.000000002278820244e+00 1.000000002278820244e+00 1.000000002278820244e+00 1.000000002278820244e+00 1.000000002278820244e+00 1.000000002278820244e+00
1.000001731550483219e+00 1.000001731550483219e+00 1.000001731550483219e+00 1.000001731550483219e+00 1.000001731550483219e+00 1.000001731550483219e+00
1.000047732264293332e+00 1.000047732264293332e+00 1.000047732264293332e+00 1.000047732264293332e+00 1.000047732264293332e+00 1.000047732264293332e+00
1.000349174685021936e+00 1.000349174685021936e+00 1.000349174685021936e+00 1.000349174685021936e+00 1.000349174685021936e+00 1.000349174685021936e+00
1.001315826022080246e+00 1.001315826022080246e+00 1.001315826022080246e+00 1.001315826022080246e+00 1.001315826022080246e+00 1.001315826022080246e+00
1.003394214017428343e+00 1.003394214017428343e+00 1.003394214017428343e+00 1.003394214017428343e+00 1.003394214017428343e+00 1.003394214017428343e+00
1.006908685334948927e+00 1.006908685334948927e+00 1.006908685334948927e+00 1.006908685334948927e+00 1.006908685334948927e+00 1.006908685334948927e+00
1.012007764228845197e+00 1.012007764228845197e+00 1.012007764228845197e+00 1.012007764228845197e+00 1.012007764228845197e+00 1.012007764228845197e+00
1.018686042368253331e+00 1.018686042368253331e+00 1.018686042368253331e+00 1.018686042368253331e+00 1.018686042368253331e+00 1.018686042368253331e+00
1.026832266722572662e+00 1.026832266722572662e+00 1.026832266722572662e+00 1.026832266722572662e+00 1.026832266722572662e+00 1.026832266722572662e+00
1.036275648546044259e+00 1.036275648546044259e+00 1.036275648546044259e+00 1.036275648546044259e+00 1.036275648546044259e+00 1.036275648546044259e+00
1.046820829629417471e+00 1.046820829629417471e+00 1.046820829629417471e+00 1.046820829629417471e+00 1.046820829629417471e+00 1.046820829629417471e+00
1.058270931774284884e+00 1.058270931774284884e+00 1.058270931774284884e+00 1.058270931774284884e+00 1.058270931774284884e+00 1.058270931774284884e+00
1.070441146146597688e+00 1.070441146146597688e+00 1.070441146146597688e+00 1.070441146146597688e+00 1.070441146146597688e+00 1.070441146146597688e+00
1.083165702662735708e+00 1.083165702662735708e+00 1.083165702662735708e+00 1.083165702662735708e+00 1.083165702662735708e+00 1.083165702662735708e+00
1.096300558843005479e+00 1.096300558843005479e+00 1.096300558843005479e+00 1.096300558843005479e+00 1.096300558843005479e+00 1.096300558843005479e+00
1.109723499232434074e+00 1.109723499232434074e+00 1.109723499232434074e+00 1.109723499232434074e+00 1.109723499232434074e+00 1.109723499232434074e+00
1.123332785108678733e+00 1.123332785108678733e+00 1.123332785108678733e+00 1.123332785108678733e+00 1.123332785108678733e+00 1.123332785108678733e+00
1.137045087125455378e+00 1.137045087125455378e+00 1.137045087125455378e+00 1.137045087125455378e+00 1.137045087125455378e+00 1.137045087125455378e+00
1.150793152928934582e+00 1.150793152928934582e+00 1.150793152928934582e+00 1.150793152928934582e+00 1.150793152928934582e+00 1.150793152928934582e+00
1.164523475963816779e+00 1.164523475963816779e+00 1.164523475963816779e+00 1.164523475963816779e+00 1.164523475963816779e+00 1.164523475963816779e+00
1.178194112086617507e+00 1.178194112086617507e+00 1.178194112086617507e+00 1.178194112086617507e+00 1.178194112086617507e+00 1.178194112086617507e+00
1.191772715564153096e+00 1.191772715564153096e+00 1.191772715564153096e+00 1.191772715564153096e+00 1.191772715564153096e+00 1.191772715564153096e+00
1.205234820300577603e+00 1.205234820300577603e+00 1.205234820300577603e+00 1.205234820300577603e+00 1.205234820300577603e+00 1.205234820300577603e+00
1.218562365353150545e+00 1.218562365353150545e+00 1.218562365353150545e+00 1.218562365353150545e+00 1.218562365353150545e+00 1.218562365353150545e+00
1.231742449078872648e+00 1.231742449078872648e+00 1.231742449078872648e+00 1.231742449078872648e+00 1.231742449078872648e+00 1.231742449078872648e+00
1.244766289077329890e+00 1.244766289077329890e+00 1.244766289077329890e+00 1.244766289077329890e+00 1.244766289077329890e+00 1.244766289077329890e+00
1.257628362515462506e+00 1.257628362515462506e+00 1.257628362515462506e+00 1.257628362515462506e+00 1.257628362515462506e+00 1.257628362515462506e+00
1.270325701539372965e+00 1.270325701539372965e+00 1.270325701539372965e+00 1.270325701539372965e+00 1.270325701539372965e+00 1.270325701539372965e+00
1.282857320086984387e+00 1.282857320086984387e+00 1.282857320086984387e+00 1.282857320086984387e+00 1.282857320086984387e+00 1.282857320086984387e+00
1.295223750754721959e+00 1.295223750754721959e+00 1.295223750754721959e+00 1.295223750754721959e+00 1.295223750754721959e+00 1.295223750754721959e+00
1.307426672976756077e+00 1.307426672976756077e+00 1.307426672976756077e+00 1.307426672976756077e+00 1.307426672976756077e+00 1.307426672976756077e+00
1.319468616372355907e+00 1.319468616372355907e+00 1.319468616372355907e+00 1.319468616372355907e+00 1.319468616372355907e+00 1.319468616372355907e+00
1.331352725553081706e+00 1.331352725553081706e+00 1.331352725553081706e+00 1.331352725553081706e+00 1.331352725553081706e+00 1.331352725553081706e+00
1.343082574881207414e+00 1.343082574881207414e+00 1.343082574881207414e+00 1.343082574881207414e+00 1.343082574881207414e+00 1.343082574881207414e+00
1.354662023605686105e+00 1.354662023605686105e+00 1.354662023605686105e+00 1.354662023605686105e+00 1.354662023605686105e+00 1.354662023605686105e+00
1.366095103471983041e+00 1.366095103471983041e+00 1.366095103471983041e+00 1.366095103471983041e+00 1.366095103471983041e+00 1.366095103471983041e+00
1.377385932322919171e+00 1.377385932322919171e+00 1.377385932322919171e+00 1.377385932322919171e+00 1.377385932322919171e+00 1.377385932322919171e+00
1.388538648402905196e+00 1.388538648402905196e+00 1.388538648402905196e+00 1.388538648402905196e+00 1.388538648402905196e+00 1.388538648402905196e+00
1.399557361074298623e+00 1.399557361074298623e+00 1.399557361074298623e+00 1.399557361074298623e+00 1.399557361074298623e+00 1.399557361074298623e+00
1.410446114478981050e+00 1.410446114478981050e+00 1.410446114478981050e+00 1.410446114478981050e+00 1.410446114478981050e+00 1.410446114478981050e+00
1.421208861355972797e+00 1.421208861355972797e+00 1.421208861355972797e+00 1.421208861355972797e+00 1.421208861355972797e+00 1.421208861355972797e+00
1.431849444780070701e+00 1.431849444780070701e+00 1.431849444780070701e+00 1.431849444780070701e+00 1.431849444780070701e+00 1.431849444780070701e+00
1.442371586037427322e+00 1.442371586037427322e+00 1.442371586037427322e+00 1.442371586037427322e+00 1.442371586037427322e+00 1.442371586037427322e+00
1.452778877219402354e+00 1.452778877219402354e+00 1.452778877219402354e+00 1.452778877219402354e+00 1.452778877219402354e+00 1.452778877219402354e+00
1.463074777410939165e+00 1.463074777410939165e+00 1.463074777410939165e+00 1.463074777410939165e+00 1.463074777410939165e+00 1.463074777410939165e+00
1.473262611586940274e+00 1.473262611586940274e+00 1.473262611586940274e+00 1.473262611586940274e+00 1.473262611586940274e+00 1.473262611586940274e+00
1.483345571520233941e+00 1.483345571520233941e+00 1.483345571520233941e+00 1.483345571520233941e+00 1.483345571520233941e+00 1.483345571520233941e+00
1.493326718156640087e+00 1.493326718156640087e+00 1.493326718156640087e+00 1.493326718156640087e+00 1.493326718156640087e+00 1.493326718156640087e+00
1.503208985033628320e+00 1.503208985033628320e+00 1.503208985033628320e+00 1.503208985033628320e+00 1.503208985033628320e+00 1.503208985033628320e+00
1.512995182415096007e+00 1.512995182415096007e+00 1.512995182415096007e+00 1.512995182415096007e+00 1.512995182415096007e+00 1.512995182415096007e+00
1.522688001890810883e+00 1.522688001890810883e+00 1.522688001890810883e+00 1.522688001890810883e+00 1.522688001890810883e+00 1.522688001890810883e+00
1.532290021248992939e+00 1.532290021248992939e+00 1.532290021248992939e+00 1.532290021248992939e+00 1.532290021248992939e+00 1.532290021248992939e+00
1.541803709477613804e+00 1.541803709477613804e+00 1.541803709477613804e+00 1.541803709477613804e+00 1.541803709477613804e+00 1.541803709477613804e+00
1.551231431786870951e+00 1.551231431786870951e+00 1.551231431786870951e+00 1.551231431786870951e+00 1.551231431786870951e+00 1.551231431786870951e+00
1.560575454574024246e+00 1.560575454574024246e+00 1.560575454574024246e+00 1.560575454574024246e+00 1.560575454574024246e+00 1.560575454574024246e+00
1.569837950274076688e+00 1.569837950274076688e+00 1.569837950274076688e+00 1.569837950274076688e+00 1.569837950274076688e+00 1.569837950274076688e+00
1.579021002056978373e+00 1.579021002056978373e+00 1.579021002056978373e+00 1.579021002056978373e+00 1.579021002056978373e+00 1.579021002056978373e+00
1.588126608345215907e+00 1.588126608345215907e+00 1.588126608345215907e+00 1.588126608345215907e+00 1.588126608345215907e+00 1.588126608345215907e+00
1.597156687135662390e+00 1.597156687135662390e+00 1.597156687135662390e+00 1.597156687135662390e+00 1.597156687135662390e+00 1.597156687135662390e+00
1.606113080117122838e+00 1.606113080117122838e+00 1.606113080117122838e+00 1.606113080117122838e+00 1.606113080117122838e+00 1.606113080117122838e+00
1.614997556580631599e+00 1.614997556580631599e+00 1.614997556580631599e+00 1.614997556580631599e+00 1.614997556580631599e+00 1.614997556580631599e+00
1.623811817123676615e+00 1.623811817123676615e+00 1.623811817123676615e+00 1.623811817123676615e+00 1.623811817123676615e+00 1.623811817123676615e+00
1.632557497152490988e+00 1.632557497152490988e+00 1.632557497152490988e+00 1.632557497152490988e+00 1.632557497152490988e+00 1.632557497152490988e+00
1.641236170188629773e+00 1.641236170188629773e+00 1.641236170188629773e+00 1.641236170188629773e+00 1.641236170188629773e+00 1.641236170188629773e+00
1.649849350987429464e+00 1.649849350987429464e+00 1.649849350987429464e+00 1.649849350987429464e+00 1.649849350987429464e+00 1.649849350987429464e+00
1.658398498476828520e+00 1.658398498476828520e+00 1.658398498476828520e+00 1.658398498476828520e+00 1.658398498476828520e+00 1.658398498476828520e+00
1.666885018525505746e+00 1.666885018525505746e+00 1.666885018525505746e+00 1.666885018525505746e+00 1.666885018525505746e+00 1.666885018525505746e+00
1.675310266549488780e+00 1.675310266549488780e+00 1.675310266549488780e+00 1.675310266549488780e+00 1.675310266549488780e+00 1.675310266549488780e+00
1.683675549966366702e+00 1.683675549966366702e+00 1.683675549966366702e+00 1.683675549966366702e+00 1.683675549966366702e+00 1.683675549966366702e+00
1.691982130506076487e+00 1.691982130506076487e+00 1.691982130506076487e+00 1.691982130506076487e+00 1.691982130506076487e+00 1.691982130506076487e+00
1.700231226386943240e+00 1.700231226386943240e+00 1.700231226386943240e+00 1.700231226386943240e+00 1.700231226386943240e+00 1.700231226386943240e+00
1.708424014365328425e+00 1.708424014365328425e+00 1.708424014365328425e+00 1.708424014365328425e+00 1.708424014365328425e+00 1.708424014365328425e+00
1.716561631666830845e+00 1.716561631666830845e+00 1.716561631666830845e+00 1.716561631666830845e+00 1.716561631666830845e+00 1.716561631666830845e+00
1.724645177806577223e+00 1.724645177806577223e+00 1.724645177806577223e+00 1.724645177806577223e+00 1.724645177806577223e+00 1.724645177806577223e+00
1.732675716305711155e+00 1.732675716305711155e+00 1.732675716305711155e+00 1.732675716305711155e+00 1.732675716305711155e+00 1.732675716305711155e+00
1.740654276310762416e+00 1.740654276310762416e+00 1.740654276310762416e+00 1.740654276310762416e+00 1.740654276310762416e+00 1.740654276310762416e+00
1.748581854122163826e+00 1.748581854122163826e+00 1.748581854122163826e+00 1.748581854122163826e+00 1.748581854122163826e+00 1.748581854122163826e+00
1.756459414637768335e+00 1.756459414637768335e+00 1.756459414637768335e+00 1.756459414637768335e+00 1.756459414637768335e+00 1.756459414637768335e+00
1.764287892716845274e+00 1.764287892716845274e+00 1.764287892716845274e+00 1.764287892716845274e+00 1.764287892716845274e+00 1.764287892716845274e+00
1.772068194469654356e+00 1.772068194469654356e+00 1.772068194469654356e+00 1.772068194469654356e+00 1.772068194469654356e+00 1.772068194469654356e+00
1.779801198477352742e+00 1.779801198477352742e+00 1.779801198477352742e+00 1.779801198477352742e+00 1.779801198477352742e+00 1.779801198477352742e+00
1.787487756946662509e+00 1.787487756946662509e+00 1.787487756946662509e+00 1.787487756946662509e+00 1.787487756946662509e+00 1.787487756946662509e+00
1.795128696803415469e+00 1.795128696803415469e+00 1.795128696803415469e+00 1.795128696803415469e+00 1.795128696803415469e+00 1.795128696803415469e+00
1.802724820728812904e+00 1.802724820728812904e+00 1.802724820728812904e+00 1.802724820728812904e+00 1.802724820728812904e+00 1.802724820728812904e+00
1.810276908141963181e+00 1.810276908141963181e+00 1.810276908141963181e+00 1.810276908141963181e+00 1.810276908141963181e+00 1.810276908141963181e+00
1.817785716132013007e+00 1.817785716132013007e+00 1.817785716132013007e+00 1.817785716132013007e+00 1.817785716132013007e+00 1.817785716132013007e+00
1.825251980342962765e+00 1.825251980342962765e+00 1.825251980342962765e+00 1.825251980342962765e+00 1.825251980342962765e+00 1.825251980342962765e+00
1.832676415814039395e+00 1.832676415814039395e+00 1.832676415814039395e+00 1.832676415814039395e+00 1.832676415814039395e+00 1.832676415814039395e+00
1.840059717778293802e+00 1.840059717778293802e+00 1.840059717778293802e+00 1.840059717778293802e+00 1.840059717778293802e+00 1.840059717778293802e+00
1.847402562421926131e+00 1.847402562421926131e+00 1.847402562421926131e+00 1.847402562421926131e+00 1.847402562421926131e+00 1.847402562421926131e+00
1.854705607606642825e+00 1.854705607606642825e+00 1.854705607606642825e+00 1.854705607606642825e+00 1.854705607606642825e+00 1.854705607606642825e+00
1.861969493557229738e+00 1.861969493557229738e+00 1.861969493557229738e+00 1.861969493557229738e+00 1.861969493557229738e+00 1.861969493557229738e+00
1.869194843516337912e+00 1.869194843516337912e+00 1.869194843516337912e+00 1.869194843516337912e+00 1.869194843516337912e+00 1.869194843516337912e+00
1.876382264368376074e+00 1.876382264368376074e+00 1.876382264368376074e+00 1.876382264368376074e+00 1.876382264368376074e+00 1.876382264368376074e+00
1.883532347234266879e+00 1.883532347234266879e+00 1.883532347234266879e+00 1.883532347234266879e+00 1.883532347234266879e+00 1.883532347234266879e+00
1.890645668038704041e+00 1.890645668038704041e+00 1.890645668038704041e+00 1.890645668038704041e+00 1.890645668038704041e+00 1.890645668038704041e+00
1.897722788051445786e+00 1.897722788051445786e+00 1.897722788051445786e+00 1.897722788051445786e+00 1.897722788051445786e+00 1.897722788051445786e+00
1.904764254404083479e+00 1.904764254404083479e+00 1.904764254404083479e+00 1.904764254404083479e+00 1.904764254404083479e+00 1.904764254404083479e+00
1.911770600583619473e+00 1.911770600583619473e+00 1.911770600583619473e+00 1.911770600583619473e+00 1.911770600583619473e+00 1.911770600583619473e+00
1.918742346904122709e+00 1.918742346904122709e+00 1.918742346904122709e+00 1.918742346904122709e+00 1.918742346904122709e+00 1.918742346904122709e+00
1.925680000957628479e+00 1.925680000957628479e+00 1.925680000957628479e+00 1.925680000957628479e+00 1.925680000957628479e+00 1.925680000957628479e+00
1.932584058045394571e+00 1.932584058045394571e+00 1.932584058045394571e+00 1.932584058045394571e+00 1.932584058045394571e+00 1.932584058045394571e+00
1.939455001590540739e+00 1.939455001590540739e+00 1.939455001590540739e+00 1.939455001590540739e+00 1.939455001590540739e+00 1.939455001590540739e+00
1.946293303533057628e+00 1.946293303533057628e+00 1.946293303533057628e+00 1.946293303533057628e+00 1.946293303533057628e+00 1.946293303533057628e+00
1.953099424708075071e+00 1.953099424708075071e+00 1.953099424708075071e+00 1.953099424708075071e+00 1.953099424708075071e+00 1.953099424708075071e+00
1.959873815208272863e+00 1.959873815208272863e+00 1.959873815208272863e+00 1.959873815208272863e+00 1.959873815208272863e+00 1.959873815208272863e+00
1.966616914731218024e+00 1.966616914731218024e+00 1.966616914731218024e+00 1.966616914731218024e+00 1.966616914731218024e+00 1.966616914731218024e+00
1.973329152912400852e+00 1.973329152912400852e+00 1.973329152912400852e+00 1.973329152912400852e+00 1.973329152912400852e+00 1.973329152912400852e+00
1.980010949644676499e+00 1.980010949644676499e+00 1.980010949644676499e+00 1.980010949644676499e+00 1.980010949644676499e+00 1.980010949644676499e+00
1.986662715384783784e+00 1.986662715384783784e+00 1.986662715384783784e+00 1.986662715384783784e+00 1.986662715384783784e+00 1.986662715384783784e+00
1.993284851447579831e+00 1.993284851447579831e+00 1.993284851447579831e+00 1.993284851447579831e+00 1.993284851447579831e+00 1.993284851447579831e+00
1.999877750288578948e+00 1.999877750288578948e+00 1.999877750288578948e+00 1.999877750288578948e+00 1.999877750288578948e+00 1.999877750288578948e+00
2.006441795775365300e+00 2.006441795775365300e+00 2.006441795775365300e+00 2.006441795775365300e+00 2.006441795775365300e+00 2.006441795775365300e+00
2.012977363448410273e+00 2.012977363448410273e+00 2.012977363448410273e+00 2.012977363448410273e+00 2.012977363448410273e+00 2.012977363448410273e+00
2.019484820771786815e+00 2.019484820771786815e+00 2.019484820771786815e+00 2.019484820771786815e+00 2.019484820771786815e+00 2.019484820771786815e+00
2.025964527374265245e+00 2.025964527374265245e+00 2.025964527374265245e+00 2.025964527374265245e+00 2.025964527374265245e+00 2.025964527374265245e+00
2.032416835281238843e+00 2.032416835281238843e+00 2.032416835281238843e+00 2.032416835281238843e+00 2.032416835281238843e+00 2.032416835281238843e+00
2.038842089137886227e+00 2.038842089137886227e+00 2.038842089137886227e+00 2.038842089137886227e+00 2.038842089137886227e+00 2.038842089137886227e+00
2.045240626423989738e+00 2.045240626423989738e+00 2.045240626423989738e+00 2.045240626423989738e+00 2.045240626423989738e+00 2.045240626423989738e+00
2.051612777660781983e+00 2.051612777660781983e+00 2.051612777660781983e+00 2.051612777660781983e+00 2.051612777660781983e+00 2.051612777660781983e+00
2.057958866610171356e+00 2.057958866610171356e+00 2.057958866610171356e+00 2.057958866610171356e+00 2.057958866610171356e+00 2.057958866610171356e+00
2.064279210466700043e+00 2.064279210466700043e+00 2.064279210466700043e+00 2.064279210466700043e+00 2.064279210466700043e+00 2.064279210466700043e+00
2.070574120042547150e+00 2.070574120042547150e+00 2.070574120042547150e+00 2.070574120042547150e+00 2.070574120042547150e+00 2.070574120042547150e+00
2.076843899945882477e+00 2.076843899945882477e+00 2.076843899945882477e+00 2.076843899945882477e+00 2.076843899945882477e+00 2.076843899945882477e+00
2.083088848752866262e+00 2.083088848752866262e+00 2.083088848752866262e+00 2.083088848752866262e+00 2.083088848752866262e+00 2.083088848752866262e+00
2.089309259173563582e+00 2.089309259173563582e+00 2.089309259173563582e+00 2.089309259173563582e+00 2.089309259173563582e+00 2.089309259173563582e+00
2.095505418212040283e+00 2.095505418212040283e+00 2.095505418212040283e+00 2.095505418212040283e+00 2.095505418212040283e+00 2.095505418212040283e+00
2.101677607320880270e+00 2.101677607320880270e+00 2.101677607320880270e+00 2.101677607320880270e+00 2.101677607320880270e+00 2.101677607320880270e+00
2.107826102550369285e+00 2.107826102550369285e+00 2.107826102550369285e+00 2.107826102550369285e+00 2.107826102550369285e+00 2.107826102550369285e+00
2.113951174692557000e+00 2.113951174692557000e+00 2.113951174692557000e+00 2.113951174692557000e+00 2.113951174692557000e+00 2.113951174692557000e+00
2.120053089420424364e+00 2.120053089420424364e+00 2.120053089420424364e+00 2.120053089420424364e+00 2.120053089420424364e+00 2.120053089420424364e+00
2.126132107422346706e+00 2.126132107422346706e+00 2.126132107422346706e+00 2.126132107422346706e+00 2.126132107422346706e+00 2.126132107422346706e+00
2.132188484532048456e+00 2.132188484532048456e+00 2.132188484532048456e+00 2.132188484532048456e+00 2.132188484532048456e+00 2.132188484532048456e+00
2.138222471854238194e+00 2.138222471854238194e+00 2.138222471854238194e+00 2.138222471854238194e+00 2.138222471854238194e+00 2.138222471854238194e+00
2.144234315886089703e+00 2.144234315886089703e+00 2.144234315886089703e+00 2.144234315886089703e+00 2.144234315886089703e+00 2.144234315886089703e+00
2.150224258634741759e+00 2.150224258634741759e+00 2.150224258634741759e+00 2.150224258634741759e+00 2.150224258634741759e+00 2.150224258634741759e+00
2.156192537730976966e+00 2.156192537730976966e+00 2.156192537730976966e+00 2.156192537730976966e+00 2.156192537730976966e+00 2.156192537730976966e+00
2.162139386539216446e+00 2.162139386539216446e+00 2.162139386539216446e+00 2.162139386539216446e+00 2.162139386539216446e+00 2.162139386539216446e+00
2.168065034263997326e+00 2.168065034263997326e+00 2.168065034263997326e+00 2.168065034263997326e+00 2.168065034263997326e+00 2.168065034263997326e+00
2.173969706053052064e+00 2.173969706053052064e+00 2.173969706053052064e+00 2.173969706053052064e+00 2.173969706053052064e+00 2.173969706053052064e+00
2.179853623097122828e+00 2.179853623097122828e+00 2.179853623097122828e+00 2.179853623097122828e+00 2.179853623097122828e+00 2.179853623097122828e+00
2.185717002726650371e+00 2.185717002726650371e+00 2.185717002726650371e+00 2.185717002726650371e+00 2.185717002726650371e+00 2.185717002726650371e+00
2.191560058505435116e+00 2.191560058505435116e+00 2.191560058505435116e+00 2.191560058505435116e+00 2.191560058505435116e+00 2.191560058505435116e+00
2.197383000321407209e+00 2.197383000321407209e+00 2.197383000321407209e+00 2.197383000321407209e+00 2.197383000321407209e+00 2.197383000321407209e+00
2.203186034474594379e+00 2.203186034474594379e+00 2.203186034474594379e+00 2.203186034474594379e+00 2.203186034474594379e+00 2.203186034474594379e+00
2.208969363762406157e+00 2.208969363762406157e+00 2.208969363762406157e+00 2.208969363762406157e+00 2.208969363762406157e+00 2.208969363762406157e+00
2.214733187562332173e+00 2.214733187562332173e+00 2.214733187562332173e+00 2.214733187562332173e+00 2.214733187562332173e+00 2.214733187562332173e+00
2.220477701912136226e+00 2.220477701912136226e+00 2.220477701912136226e+00 2.220477701912136226e+00 2.220477701912136226e+00 2.220477701912136226e+00
2.226203099587663381e+00 2.226203099587663381e+00 2.226203099587663381e+00 2.226203099587663381e+00 2.226203099587663381e+00 2.226203099587663381e+00
2.231909570178318702e+00 2.231909570178318702e+00 2.231909570178318702e+00 2.231909570178318702e+00 2.231909570178318702e+00 2.231909570178318702e+00
2.237597300160321989e+00 2.237597300160321989e+00 2.237597300160321989e+00 2.237597300160321989e+00 2.237597300160321989e+00 2.237597300160321989e+00
2.243266472967810898e+00 2.243266472967810898e+00 2.243266472967810898e+00 2.243266472967810898e+00 2.243266472967810898e+00 2.243266472967810898e+00
2.248917269061868396e+00 2.248917269061868396e+00 2.248917269061868396e+00 2.248917269061868396e+00 2.248917269061868396e+00 2.248917269061868396e+00
2.254549865997548252e+00 2.254549865997548252e+00 2.254549865997548252e+00 2.254549865997548252e+00 2.254549865997548252e+00 2.254549865997548252e+00
2.260164438488974525e+00 2.260164438488974525e+00 2.260164438488974525e+00 2.260164438488974525e+00 2.260164438488974525e+00 2.260164438488974525e+00
2.265761158472571424e+00 2.265761158472571424e+00 2.265761158472571424e+00 2.265761158472571424e+00 2.265761158472571424e+00 2.265761158472571424e+00
2.271340195168502163e+00 2.271340195168502163e+00 2.271340195168502163e+00 2.271340195168502163e+00 2.271340195168502163e+00 2.271340195168502163e+00
2.276901715140367433e+00 2.276901715140367433e+00 2.276901715140367433e+00 2.276901715140367433e+00 2.276901715140367433e+00 2.276901715140367433e+00
2.282445882353226096e+00 2.282445882353226096e+00 2.282445882353226096e+00 2.282445882353226096e+00 2.282445882353226096e+00 2.282445882353226096e+00
2.287972858230001627e+00 2.287972858230001627e+00 2.287972858230001627e+00 2.287972858230001627e+00 2.287972858230001627e+00 2.287972858230001627e+00
2.293482801706320018e+00 2.293482801706320018e+00 2.293482801706320018e+00 2.293482801706320018e+00 2.293482801706320018e+00 2.293482801706320018e+00
2.298975869283839124e+00 2.298975869283839124e+00 2.298975869283839124e+00 2.298975869283839124e+00 2.298975869283839124e+00 2.298975869283839124e+00
2.304452215082110733e+00 2.304452215082110733e+00 2.304452215082110733e+00 2.304452215082110733e+00 2.304452215082110733e+00 2.304452215082110733e+00
2.309911990889039757e+00 2.309911990889039757e+00 2.309911990889039757e+00 2.309911990889039757e+00 2.309911990889039757e+00 2.309911990889039757e+00
2.315355346209969412e+00 2.315355346209969412e+00 2.315355346209969412e+00 2.315355346209969412e+00 2.315355346209969412e+00 2.315355346209969412e+00
2.320782428315451007e+00 2.320782428315451007e+00 2.320782428315451007e+00 2.320782428315451007e+00 2.320782428315451007e+00 2.320782428315451007e+00
2.326193382287730316e+00 2.326193382287730316e+00 2.326193382287730316e+00 2.326193382287730316e+00 2.326193382287730316e+00 2.326193382287730316e+00
2.331588351066006481e+00 2.331588351066006481e+00 2.331588351066006481e+00 2.331588351066006481e+00 2.331588351066006481e+00 2.331588351066006481e+00
2.336967475490484780e+00 2.336967475490484780e+00 2.336967475490484780e+00 2.336967475490484780e+00 2.336967475490484780e+00 2.336967475490484780e+00
2.342330894345279191e+00 2.342330894345279191e+00 2.342330894345279191e+00 2.342330894345279191e+00 2.342330894345279191e+00 2.342330894345279191e+00
2.347678744400191420e+00 2.347678744400191420e+00 2.347678744400191420e+00 2.347678744400191420e+00 2.347678744400191420e+00 2.347678744400191420e+00
2.353011160451403239e+00 2.353011160451403239e+00 2.353011160451403239e+00 2.353011160451403239e+00 2.353011160451403239e+00 2.353011160451403239e+00
2.358328275361123882e+00 2.358328275361123882e+00 2.358328275361123882e+00 2.358328275361123882e+00 2.358328275361123882e+00 2.358328275361123882e+00
2.363630220096208046e+00 2.363630220096208046e+00 2.363630220096208046e+00 2.363630220096208046e+00 2.363630220096208046e+00 2.363630220096208046e+00
2.368917123765799992e+00 2.368917123765799992e+00 2.368917123765799992e+00 2.368917123765799992e+00 2.368917123765799992e+00 2.368917123765799992e+00
2.374189113658017103e+00 2.374189113658017103e+00 2.374189113658017103e+00 2.374189113658017103e+00 2.374189113658017103e+00 2.374189113658017103e+00
2.379446315275702162e+00 2.379446315275702162e+00 2.379446315275702162e+00 2.379446315275702162e+00 2.379446315275702162e+00 2.379446315275702162e+00
2.384688852371288803e+00 2.384688852371288803e+00 2.384688852371288803e+00 2.384688852371288803e+00 2.384688852371288803e+00 2.384688852371288803e+00
2.389916846980786325e+00 2.389916846980786325e+00 2.389916846980786325e+00 2.389916846980786325e+00 2.389916846980786325e+00 2.389916846980786325e+00
2.395130419456926951e+00 2.395130419456926951e+00 2.395130419456926951e+00 2.395130419456926951e+00 2.395130419456926951e+00 2.395130419456926951e+00
2.400329688501492420e+00 2.400329688501492420e+00 2.400329688501492420e+00 2.400329688501492420e+00 2.400329688501492420e+00 2.400329688501492420e+00
2.405514771196846979e+00 2.405514771196846979e+00 2.405514771196846979e+00 2.405514771196846979e+00 2.405514771196846979e+00 2.405514771196846979e+00
2.410685783036699004e+00 2.410685783036699004e+00 2.410685783036699004e+00 2.410685783036699004e+00 2.410685783036699004e+00 2.410685783036699004e+00
2.415842837956118316e+00 2.415842837956118316e+00 2.415842837956118316e+00 2.415842837956118316e+00 2.415842837956118316e+00 2.415842837956118316e+00
2.420986048360826537e+00 2.420986048360826537e+00 2.420986048360826537e+00 2.420986048360826537e+00 2.420986048360826537e+00 2.420986048360826537e+00
2.426115525155782215e+00 2.426115525155782215e+00 2.426115525155782215e+00 2.426115525155782215e+00 2.426115525155782215e+00 2.426115525155782215e+00
2.431231377773085178e+00 2.431231377773085178e+00 2.431231377773085178e+00 2.431231377773085178e+00 2.431231377773085178e+00 2.431231377773085178e+00
2.436333714199212963e+00 2.436333714199212963e+00 2.436333714199212963e+00 2.436333714199212963e+00 2.436333714199212963e+00 2.436333714199212963e+00
2.441422641001621763e+00 2.441422641001621763e+00 2.441422641001621763e+00 2.441422641001621763e+00 2.441422641001621763e+00 2.441422641001621763e+00
2.446498263354710545e+00 2.446498263354710545e+00 2.446498263354710545e+00 2.446498263354710545e+00 2.446498263354710545e+00 2.446498263354710545e+00
2.451560685065184320e+00 2.451560685065184320e+00 2.451560685065184320e+00 2.451560685065184320e+00 2.451560685065184320e+00 2.451560685065184320e+00
2.456610008596829875e+00 2.456610008596829875e+00 2.456610008596829875e+00 2.456610008596829875e+00 2.456610008596829875e+00 2.456610008596829875e+00
2.461646335094702653e+00 2.461646335094702653e+00 2.461646335094702653e+00 2.461646335094702653e+00 2.461646335094702653e+00 2.461646335094702653e+00
2.466669764408774945e+00 2.466669764408774945e+00 2.466669764408774945e+00 2.466669764408774945e+00 2.466669764408774945e+00 2.466669764408774945e+00
2.471680395117032525e+00 2.471680395117032525e+00 2.471680395117032525e+00 2.471680395117032525e+00 2.471680395117032525e+00 2.471680395117032525e+00
2.476678324548040599e+00 2.476678324548040599e+00 2.476678324548040599e+00 2.476678324548040599e+00 2.476678324548040599e+00 2.476678324548040599e+00
2.481663648803005273e+00 2.481663648803005273e+00 2.481663648803005273e+00 2.481663648803005273e+00 2.481663648803005273e+00 2.481663648803005273e+00
