0.000000000000000000e+00 0.000000000000000000e+00 0.000000000000000000e+00 0.000000000000000000e+00 0.000000000000000000e+00
4.268726674722828614e-18 1.209213956945087281e-19 1.597398925789457341e-26 4.224675379281179323e-35 4.013939699227052740e-29
2.065680713977475956e-09 3.476625689346558800e-10 1.263511139665060269e-13 7.759744098662966405e-18 6.333515838889930294e-15
1.621896085247252912e-06 4.944068612250690288e-07 2.517894487195855472e-09 4.688253798881465730e-12 3.422935212938708260e-10
4.544754587616309938e-05 1.864474159092601355e-05 3.555788900486062001e-07 3.709049969712094616e-09 7.957707635078224038e-08
3.357461610398835162e-04 1.646089284288453124e-04 6.941494710229191896e-06 2.046514668629720364e-07 2.092349223826382078e-06
1.273643565351884098e-03 7.032531697176404783e-04 5.045732914380167948e-05 2.974688584571336179e-06 1.850302930306245070e-05
3.301866306312868822e-03 1.984964755024260213e-03 2.088603575743551649e-04 2.015751398778898296e-05 8.780301506204602445e-05
6.749757758665774626e-03 4.325879511172021734e-03 6.087607377893658077e-04 8.475357336122962186e-05 2.824445646824840081e-04
1.178208240858939770e-02 7.938773628390119116e-03 1.405458685010165182e-03 2.592234883639928491e-04 7.013574739834473265e-04
1.842277204458175194e-02 1.292500727109173117e-02 2.757690048560742808e-03 6.345566796030667348e-04 1.453453738875808360e-03
2.660329436068231690e-02 1.929835583029614401e-02 4.808452825353876775e-03 1.321183915477097204e-03 2.641664513835714594e-03
3.620697869289312559e-02 2.701576641071695012e-02 7.674607274562543664e-03 2.436521365824901707e-03 4.352475652380149648e-03
4.710017391341539406e-02 3.600315232922693398e-02 1.144350326422242069e-02 4.093440563192039285e-03 6.651431812093759610e-03
5.915071513051607666e-02 4.617323263461747818e-02 1.617399059064422023e-02 6.391885981760089819e-03 9.583029372227398063e-03
7.223715823033555194e-02 5.743637368417842115e-02 2.189968635877293998e-02 9.414082059166935940e-03 1.317312534652899554e-02
8.625225717085772958e-02 6.970644372843851078e-02 2.863312198099531719e-02 1.322279277187354135e-02 1.743241211629699763e-02
1.011032685285867538e-01 8.290352318654445329e-02 3.636997975509089626e-02 1.786176361053225595e-02 2.236004445324090220e-02
1.167107408232756355e-01 9.695480965386417405e-02 4.509301047335332463e-02 2.335750348535902202e-02 2.794693219161081474e-02
1.330067453743520312e-01 1.117945780966024955e-01 5.477545036686432001e-02 2.972173816216161155e-02 3.417849283923964782e-02
1.499330477028351927e-01 1.273637036339124173e-01 6.538388389191619743e-02 3.695406720903175041e-02 4.103682182078955548e-02
1.674394468634104183e-01 1.436090245440975188e-01 7.688056807913874746e-02 4.504453010964990650e-02 4.850232245514561613e-02
1.854823616546577014e-01 1.604826854824182025e-01 8.922526887751086599e-02 5.397591848811072318e-02 5.655487423226734228e-02
2.040236687094341139e-01 1.779415237982832354e-01 1.023766745813545903e-01 6.372576191225408360e-02 6.517462750590709286e-02
2.230297654402695340e-01 1.959465214373933839e-01 1.162934545451256713e-01 7.426797236067665675e-02 7.434250839195556682e-02
2.424708207363066303e-01 2.144623253949749231e-01 1.309350280863256222e-01 8.557416597014746995e-02 8.404050708331786690e-02
2.623201767081559943e-01 2.334568313714538990e-01 1.462621018865117861e-01 9.761469777075604259e-02 9.425181020865851245e-02
2.825538694523491712e-01 2.529008225947364519e-01 1.622370262539755970e-01 1.103594516586026558e-01 1.049608255043185806e-01
3.031502426277369322e-01 2.727676556680853071e-01 1.788240124744895354e-01 1.237784280732799613e-01 1.161531359977939076e-01
3.240896331719604340e-01 2.930329862085037096e-01 1.959892458164415041e-01 1.378421686045035455e-01 1.278154115209411967e-01
3.453541131963921429e-01 3.136745282039747895e-01 2.137009219166972063e-01 1.525220518982669526e-01 1.399352977288739475e-01
3.669272758752797903e-01 3.346718421155852052e-01 2.319292283886531247e-01 1.677904898995511429e-01 1.525012967635815397e-01
3.887940560704457593e-01 3.560061476726807950e-01 2.506462885714468292e-01 1.836210483027637674e-01 1.655026490583719201e-01
4.109405786519063075e-01 3.776601580427992877e-01 2.698260803135690278e-01 1.999885104149327908e-01 1.789292222974589730e-01
4.333540291379631704e-01 3.996179326280276389e-01 2.894443394532816849e-01 2.168688996070370079e-01 1.927714110005981085e-01
4.560225425181217429e-01 4.218647461800459353e-01 3.094784551073815337e-01 2.342394721574074523e-01 2.070200483956154969e-01
4.789351070459531012e-01 4.443869722697469937e-01 3.299073618954698750e-01 2.520786895368928304e-01 2.216663310015326571e-01
5.020814804794961894e-01 4.671719794198396780e-01 3.507114327043011071e-01 2.703661769776116719e-01 2.367017555312779797e-01
5.254521167663465109e-01 4.902080384298692639e-01 3.718723744443912516e-01 2.890826734247606833e-01 2.521180672230002862e-01
5.490381015647970431e-01 5.134842396063333814e-01 3.933731283907572207e-01 3.082099766145251496e-01 2.679072184343538887e-01
5.728310952947693879e-01 5.369904187657121852e-01 4.151977760669890438e-01 3.277308859779354822e-01 2.840613362168144529e-01
5.968232826467747554e-01 5.607170910118212115e-01 4.373314511743435773e-01 3.476291452774515900e-01 3.005726975758648556e-01
6.210073276612195770e-01 5.846553914052506906e-01 4.597602577432958748e-01 3.678893862868810594e-01 3.174337111798263278e-01
6.453763336365639924e-01 6.087970217450270338e-01 4.824711944610043379e-01 3.884970743823004669e-01 3.346369043776991070e-01
6.699238072422736279e-01 6.331342027729659483e-01 5.054520849786984238e-01 4.094384565866647230e-01 3.521749145051929486e-01
6.946436263078391571e-01 6.576596311912776827e-01 5.286915139082660753e-01 4.307005123757137732e-01 3.700404835847430074e-01
7.195300108372592041e-01 6.823664409549075049e-01 5.521787681621905808e-01 4.522709073855954998e-01 3.882264556508375208e-01
7.445774968629936819e-01 7.072481683630064131e-01 5.759037832640564458e-01 4.741379500462343244e-01 4.067257760508714570e-01
7.697809128071979590e-01 7.322987205295665714e-01 5.998570942495092817e-01 4.962905510856430169e-01 4.255314921806659378e-01
7.951353580632131157e-01 7.575123468625158951e-01 6.240297907835785640e-01 5.187181857991320921e-01 4.446367552112521215e-01
8.206361835483465539e-01 7.828836132240037937e-01 6.484134761349011900e-01 5.414108589459973864e-01 4.640348224489343476e-01
8.462789740113106918e-01 8.084073784829628462e-01 6.730002296673441853e-01 5.643590721191680259e-01 4.837190600443948552e-01
8.720595319052071304e-01 8.340787732048082770e-01 6.977825725324222628e-01 5.875537934260908202e-01 5.036829458292421124e-01
8.979738626604957252e-01 8.598931802528191337e-01 7.227534362699618020e-01 6.109864293187634576e-01 5.239200721110486292e-01
9.240181612126270316e-01 8.858462171019262366e-01 7.479061340486854448e-01 6.346487984149727923e-01 5.444241483015297423e-01
9.501887996564597483e-01 9.119337196885620722e-01 7.732343343019139059e-01 6.585331071597922969e-01 5.651890032882623816e-01
9.764823159146237552e-01 9.381517276404174321e-01 7.987320365358958618e-01 6.826319271850297410e-01 5.862085874892386528e-01
1.002895403320094303e+00 9.644964707476891830e-01 8.243935491092770906e-01 7.069381742338420871e-01 6.074769745526630293e-01
1.029424901024570183e+00 9.909643565529862030e-01 8.502134688015470232e-01 7.314450885274729197e-01 6.289883626825738538e-01
1.056067785154164440e+00 1.017551958950738467e+00 8.761866620060757560e-01 7.561462164607167802e-01 6.507370755849265498e-01
1.082821160642541525e+00 1.044256007699014166e+00 9.023082473995378550e-01 7.810353935219760402e-01 6.727175630394695016e-01
1.109682253679217689e+00 1.071073378757246175e+00 9.285735799541564583e-01 8.061067283425454866e-01 6.949244011106149310e-01
1.136648404717395477e+00 1.098001085372703800e+00 9.549782361724822310e-01 8.313545877879383594e-01 7.173522920161583549e-01
1.163717061991497159e+00 1.125036269846776404e+00 9.815180004362806798e-01 8.567735830115829065e-01 7.399960636765011701e-01
1.190885775499784138e+00 1.152176195919393464e+00 1.008188852371840305e+00 8.823585563981649615e-01 7.628506689694397602e-01
1.218152191411905561e+00 1.179418241716325921e+00 1.034986955143563092e+00 9.081045693301662558e-01 7.859111847168019915e-01
1.245514046865335178e+00 1.206759893209811585e+00 1.061908644596377904e+00 9.340068907169317702e-01 8.091728104296459501e-01
1.272969165118119861e+00 1.234198738147902485e+00 1.088950419175076068e+00 9.600609862307578624e-01 8.326308668384363454e-01
1.300515451028611880e+00 1.261732460412484658e+00 1.116108930555717027e+00 9.862625081992232312e-01 8.562807942338582778e-01
1.328150886835631761e+00 1.289358834769813944e+00 1.143380974930301219e+00 1.012607286107253257e+00 8.801181506428389367e-01
1.355873528215009394e+00 1.317075721980935255e+00 1.170763484891478523e+00 1.039091317666239966e+00 9.041386098629830004e-01
1.383681500590723035e+00 1.344881064242529733e+00 1.198253521869016236e+00 1.065710760411053615e+00 9.283379593771582394e-01
1.411572995680833387e+00 1.372772880931466322e+00 1.225848269074176544e+00 1.092461923788908162e+00 9.527120981683593337e-01
1.439546268260195827e+00 1.400749264628904589e+00 1.253545024912152472e+00 1.119341261706952917e+00 9.772570344533915154e-01
1.467599633123577219e+00 1.428808377401931784e+00 1.281341196826255358e+00 1.146345365507978276e+00 1.001968883352317929e+00
1.495731462234215714e+00 1.456948447322832685e+00 1.309234295540817827e+00 1.173470957346070653e+00 1.026843864509007664e+00
1.523940182044178693e+00 1.485167765207795920e+00 1.337221929672671727e+00 1.200714883936133237e+00 1.051878299676715089e+00
1.552224270974033038e+00 1.513464681558481573e+00 1.365301800683565991e+00 1.228074110653148976e+00 1.077068610281062044e+00
1.580582257040411776e+00 1.541837603691373237e+00 1.393471698148432303e+00 1.255545715958879427e+00 1.102411314971564193e+00
1.609012715621010559e+00 1.570284993041105359e+00 1.421729495316370384e+00 1.283126886135284694e+00 1.127903027171535566e+00
1.637514267347415675e+00 1.598805362625119075e+00 1.450073144943234027e+00 1.310814910305435177e+00 1.153540452635022362e+00
1.666085576116931311e+00 1.627397274658108905e+00 1.478500675376439810e+00 1.338607175724101150e+00 1.179320387018389482e+00
1.694725347215301436e+00 1.656059338305647000e+00 1.507010186874158553e+00 1.366501163321397483e+00 1.205239713473169827e+00
1.723432325542882282e+00 1.684790207567259612e+00 1.535599848142544577e+00 1.394494443484049384e+00 1.231295400265882023e+00
1.752205293937338260e+00 1.713588579279997637e+00 1.564267893075922400e+00 1.422584672059893585e+00 1.257484498429727759e+00
1.781043071586587478e+00 1.742453191234320409e+00 1.593012617686057952e+00 1.450769586572229874e+00 1.283804139452330073e+00
1.809944512526051152e+00 1.771382820394662660e+00 1.621832377207698572e+00 1.479047002631479479e+00 1.310251533003004010e+00
1.838908504214895601e+00 1.800376281217749286e+00 1.650725583368613858e+00 1.507414810532523797e+00 1.336823964702464229e+00
1.867933966186151151e+00 1.829432424062203300e+00 1.679690701813162823e+00 1.535870972026788239e+00 1.363518793937322782e+00
1.897019848766162253e+00 1.858550133683488426e+00 1.708726249669388908e+00 1.564413517258908870e+00 1.390333451721278202e+00
1.926165131859019830e+00 1.887728327808709583e+00 1.737830793250229267e+00 1.593040541858444570e+00 1.417265438604451200e+00
1.955368823792008381e+00 1.916965955786180453e+00 1.767002945880266962e+00 1.621750204177742516e+00 1.444312322631957857e+00
1.984629960218359246e+00 1.946261997305019253e+00 1.796241365839967630e+00 1.650540722667568794e+00 1.471471737352483489e+00
2.013947603073868997e+00 1.975615461180464605e+00 1.825544754420016957e+00 1.679410373382754784e+00 1.498741379877299496e+00
2.043320839584217730e+00 2.005025384200797678e+00 1.854911854078843625e+00 1.708357487610487890e+00 1.526119008989979431e+00
2.072748781319960543e+00 2.034490830032163800e+00 1.884341446696935929e+00 1.737380449614418731e+00 1.553602443306768555e+00
2.102230563296459298e+00 2.064010888177767900e+00 1.913832351921989972e+00 1.766477694488097105e+00 1.581189559487402585e+00
2.131765343116173828e+00 2.093584672988216155e+00 1.943383425599395808e+00 1.795647706111784370e+00 1.608878290496059904e+00
2.161352300150839234e+00 2.123211322719947614e+00 1.972993558282867044e+00 1.824889015206877740e+00 1.636666623911858576e+00
2.190990634761414313e+00 2.152889998639007541e+00 2.002661673820431254e+00 1.854200197482687829e+00 1.664552600288340178e+00
