2.821018449372292239e-06 8.920642882566409765e-07 3.989424798730015384e-07 2.820948622975896353e-07 2.295377947174532272e-16 1.596780705441212150e-31
6.560011147807533194e-02 2.452621184548279751e-02 1.015801995505371397e-02 7.133944608422762394e-03 5.028006657176233365e-03 3.173895183193845872e-03
1.017209703728485237e-01 5.235020292588030838e-02 2.062745720474500402e-02 1.436531973026002398e-02 1.008871914981859449e-02 6.355766943838278907e-03
1.286063619655840040e-01 7.871071326741226060e-02 3.151840993698820648e-02 2.170567315479895315e-02 1.518394909233538106e-02 9.545902068302173152e-03
1.509190457013794007e-01 1.024446860866467246e-01 4.293403639783038850e-02 2.917272216022148354e-02 2.031639466236673242e-02 1.274501013603892251e-02
1.704331036405890565e-01 1.238368261239758544e-01 5.485949683515427278e-02 3.679864020659597695e-02 2.549423165761103768e-02 1.595704368718888280e-02
1.881013824512719201e-01 1.433833157353760213e-01 6.720119350359060606e-02 4.463202278034306830e-02 3.073658680972886359e-02 1.919248843711867519e-02
2.045463385820655011e-01 1.615540876337515641e-01 7.986382001877807835e-02 5.272767688069849440e-02 3.607322842804917135e-02 2.246796120743271841e-02
2.202057932665590079e-01 1.787420127392085056e-01 9.278115810790110718e-02 6.113412842019537441e-02 4.153929090852846728e-02 2.580276999080200612e-02
2.353882992660359386e-01 1.952538271560892713e-01 1.059148551907728580e-01 6.988649057015261512e-02 4.716959930780145749e-02 2.921542816676769849e-02
2.503053960156733093e-01 2.113169656468569801e-01 1.192439760755295008e-01 7.900483053371983033e-02 5.299485371637278203e-02 3.272153300362571487e-02
2.650964050820082130e-01 2.270929494485112443e-01 1.327556381574959421e-01 8.849565654036775642e-02 5.903978871984003757e-02 3.633297620397654693e-02
2.798484404321285313e-01 2.426920212798885090e-01 1.464391321049351713e-01 9.835458255767362545e-02 6.532271882445067623e-02 4.005800860596903101e-02
2.946120697944225597e-01 2.581863476944430968e-01 1.602830352098771893e-01 1.085691236386636394e-01 7.185588221739296066e-02 4.390172619411061850e-02
3.094130979943092163e-01 2.736208212607228463e-01 1.742742513574302432e-01 1.191211810978426988e-01 7.864617085614676595e-02 4.786669899370139120e-02
3.242611421394144267e-01 2.890214008327958162e-01 1.883980886556125556e-01 1.299890856738648848e-01 8.569599686644306658e-02 5.195359320571515255e-02
3.391557046194880742e-01 3.044013090141305389e-01 2.026387910232052558e-01 1.411492007085905498e-01 9.300415697346717248e-02 5.616171855394459789e-02
3.540903715917158023e-01 3.197655092145103017e-01 2.169801888582945371e-01 1.525771365961930137e-01 1.005666255491743655e-01 6.048947807695202045e-02
3.690556456652309691e-01 3.351138642817837465e-01 2.314062993352818676e-01 1.642486404034178837e-01 1.083772468102189301e-01 6.493472035571938583e-02
3.840408037651240614e-01 3.504433146905190366e-01 2.459018056585031142e-01 1.761402227777060792e-01 1.164283188664065327e-01 6.949500436057476360e-02
3.990350711686934115e-01 3.657493433158126583e-01 2.604523987775380633e-01 1.882295774251754872e-01 1.247110739966046794e-01 7.416779070745965763e-02
4.140283238291332379e-01 3.810269302983484985e-01 2.750449919278877275e-01 2.004958403127860000e-01 1.332160651590802714e-01 7.895057345072428734e-02
4.290114713161411464e-01 3.962711495307694176e-01 2.896678294969224909e-01 2.129197277759758977e-01 1.419334709452525212e-01 8.384096537000820804e-02
4.439766284333550028e-01 4.114775177144400775e-01 3.043105143458147976e-01 2.254835854339511947e-01 1.508533314880302068e-01 8.883674794576838785e-02
4.589171512728725810e-01 4.266421761140608560e-01 3.189639761251431560e-01 2.381713734138761474e-01 1.599657271295003569e-01 9.393589532469810710e-02
4.738275901468368967e-01 4.417619621464591306e-01 3.336203997418561440e-01 2.509686078997780956e-01 1.692609104583800428e-01 9.913657977901116358e-02
4.887035951441319193e-01 4.568344110136102199e-01 3.482731292888838759e-01 2.638622744204325299e-01 1.787294009484326207e-01 1.044371645638789980e-01
5.035417982119434477e-01 4.718577152622074333e-01 3.629165591006745517e-01 2.768407245047652121e-01 1.883620500385268515e-01 1.098361887105526458e-01
5.183396873276081562e-01 4.868306612620987295e-01 3.775460204393075170e-01 2.898935642757325404e-01 1.981500831884342451e-01 1.153323471592800631e-01
5.330954825256827290e-01 5.017525552491727270e-01 3.921576697332633810e-01 3.030115411281619764e-01 2.080851242693997072e-01 1.209244687187089329e-01
5.478080195608466818e-01 5.166231470968120076e-01 4.067483822660731829e-01 3.161864327460709445e-01 2.181592066235013561e-01 1.266114936115316225e-01
5.624766442961688373e-01 5.314425568558389656e-01 4.213156536788809636e-01 3.294109412690395811e-01 2.283647742520627799e-01 1.323924518016467988e-01
5.771011191290241760e-01 5.462112069584562635e-01 4.358575105271592087e-01 3.426785943322446237e-01 2.386946758621975029e-01 1.382664428685542457e-01
5.916815416294111118e-01 5.609297615385188118e-01 4.503724303356210767e-01 3.559836539079799245e-01 2.491421538980916617e-01 1.442326178747710408e-01
6.062182748705822188e-01 5.755990733744614785e-01 4.648592710532309380e-01 3.693210333058540851e-01 2.597008301938958374e-01 1.502901634395026054e-01
6.207118885388779317e-01 5.902201383636718202e-01 4.793172094598779354e-01 3.826862222927279178e-01 2.703646894918066423e-01 1.564382880676286613e-01
6.351631097184440300e-01 6.047940570805073746e-01 4.937456878670659077e-01 3.960752200296837611e-01 2.811280617566485063e-01 1.626762106714598477e-01
6.495727821867487428e-01 6.193220027773259639e-01 5.081443683469056838e-01 4.094844753581890484e-01 2.919856039729799568e-01 1.690031511508216511e-01
6.639418330794164547e-01 6.338051951038814469e-01 5.225130936859538888e-01 4.229108338745077855e-01 3.029322819201140105e-01 1.754183228545092843e-01
6.782712458541505507e-01 6.482448788065089396e-01 5.368518542697935381e-01 4.363514911897261594e-01 3.139633522738681792e-01 1.819209267249319861e-01
6.925620385806346979e-01 6.626423066977260579e-01 5.511607601435678516e-01 4.498039517667205001e-01 3.250743452724055849e-01 1.885101469215464953e-01
7.068152466911893361e-01 6.769987262407436424e-01 5.654400175505422954e-01 4.632659927431603264e-01 3.362610480998015627e-01 1.951851477226708986e-01
7.210319094359909364e-01 6.913153691594744465e-01 5.796899093164851191e-01 4.767356321824453569e-01 3.475194890789121693e-01 2.019450715158995491e-01
7.352130593909204093e-01 7.055934435547889239e-01 5.939107785161793496e-01 4.902111012359584019e-01 3.588459227198200208e-01 2.087890377019383237e-01
7.493597144622868855e-01 7.198341280769143813e-01 6.081030149258140893e-01 5.036908197456465563e-01 3.702368156376990571e-01 2.157161423533648370e-01
7.634728719191335999e-01 7.340385677688677779e-01 6.222670438288265826e-01 5.171733748625940708e-01 3.816888333312498105e-01 2.227254584872192522e-01
7.775535040600949355e-01 7.482078712550747079e-01 6.364033168015866826e-01 5.306575023028545779e-01 3.931988277974904911e-01 2.298160368275525001e-01
7.916025551880444544e-01 7.623431090020873491e-01 6.505123041584353061e-01 5.441420699050050214e-01 4.047638259487584267e-01 2.369869069504879078e-01
8.056209396226591268e-01 7.764453124245034310e-01 6.645944887828334480e-01 5.576260631939434775e-01 4.163810187918191574e-01 2.442370787196292414e-01
8.196095405293832847e-01 7.905154736490354050e-01 6.786503611128580360e-01 5.711085726919622463e-01 4.280477513258911237e-01 2.515655439335767740e-01
8.335692093840305628e-01 8.045545457836815739e-01 6.926804150853633768e-01 5.845887827509903545e-01 4.397615131153298496e-01 2.589712781198113545e-01
8.475007659263629201e-01 8.185634435676786280e-01 7.066851448742377251e-01 5.980659617091911295e-01 4.515199294930509200e-01 2.664532424202821770e-01
8.614049984843201724e-01 8.325430443019683491e-01 7.206650422848170923e-01 6.115394532009702511e-01 4.633207533520299903e-01 2.740103855237365771e-01
8.752826645740171552e-01 8.464941889799437735e-01 7.346205946892112593e-01 6.250086684721926078e-01 4.751618574840831277e-01 2.816416456082552755e-01
8.891344916998547010e-01 8.604176835547442392e-01 7.485522834064863851e-01 6.384730795722537433e-01 4.870412274273203668e-01 2.893459522647020554e-01
9.029611782948578913e-01 8.743143002929474328e-01 7.624605824478704053e-01 6.519322133119302976e-01 4.989569547860431831e-01 2.971222283779855755e-01
9.167633947541566908e-01 8.881847791755768107e-01 7.763459575607339902e-01 6.653856458909066518e-01 5.109072309892741526e-01 3.049693919482754367e-01
9.305417845249147613e-01 9.020298293162973824e-01 7.902088655165109277e-01 6.788329981118281786e-01 5.228903414564958219e-01 3.128863578387195421e-01
9.442969652243801137e-01 9.158501303739375876e-01 8.040497535972277454e-01 6.922739311089074477e-01 5.349046601414775282e-01 3.208720394398971165e-01
9.580295297644431107e-01 9.296463339422498251e-01 8.178690592432338313e-01 7.057081425287398124e-01 5.469486444272582126e-01 3.289253502442839316e-01
9.717400474664665833e-01 9.434190649044624788e-01 8.316672098313208084e-01 7.191353631092790577e-01 5.590208303474046847e-01 3.370452053265201586e-01
9.854290651543948787e-01 9.571689227438183734e-01 8.454446225578617913e-01 7.325553536100504193e-01 5.711198281105712704e-01 3.452305227273009258e-01
9.990971082175256202e-01 9.708964828041714012e-01 8.592017044061364128e-01 7.459679020528255933e-01 5.832443179071621353e-01 3.534802247403660003e-01
1.012744681636962296e+00 9.846022974969443897e-01 8.729388521807399659e-01 7.593728212372511388e-01 5.953930459785164997e-01 3.617932391033596984e-01
1.026372270971834144e+00 9.982868974524802264e-01 8.866564525950622055e-01 7.727699465004761459e-01 6.075648209305496428e-01 3.701685000943702453e-01
1.039980343302932209e+00 1.011950792615119221e+00 9.003548824003620998e-01 7.861591336937302499e-01 6.197585102751379527e-01 3.786049495367415640e-01
1.053569348132663785e+00 1.025594473282337660e+00 9.140345085470692466e-01 7.995402573521890321e-01 6.319730371838193639e-01 3.871015377153468884e-01
1.067139718241107982e+00 1.039218411088989047e+00 9.276956883706624080e-01 8.129132090373606401e-01 6.442073774395115082e-01 3.956572242079457458e-01
1.080691870498662999e+00 1.052823059938227779e+00 9.413387697958927047e-01 8.262778958337588797e-01 6.564605565730301517e-01 4.042709786355398460e-01
1.094226206636263798e+00 1.066408856881047473e+00 9.549640915542955133e-01 8.396342389838059583e-01 6.687316471721492794e-01 4.129417813358400857e-01
1.107743113974489102e+00 1.079976222946597453e+00 9.685719834108827975e-01 8.529821726467819998e-01 6.810197663518361422e-01 4.216686239640455858e-01
1.121242966113141337e+00 1.093525563925596078e+00 9.821627663966966404e-01 8.663216427693103405e-01 6.933240733751170337e-01 4.304505100251798666e-01
1.134726123583011503e+00 1.107057271109216146e+00 9.957367530445597748e-01 8.796526060562656069e-01 7.056437674147876260e-01 4.392864553421899632e-01
1.148192934461629733e+00 1.120571721985823554e+00 1.009294247625868834e+00 8.929750290322562289e-01 7.179780854468538198e-01 4.481754884639496672e-01
1.161643734954849627e+00 1.134069280897947563e+00 1.022835546386731131e+00 9.062888871849218431e-01 7.303263002672598647e-01 4.571166510172050557e-01
1.175078849946093351e+00 1.147550299661765916e+00 1.036360937782081271e+00 9.195941641822266144e-01 7.426877186240136153e-01 4.661089980063666816e-01
1.188498593515066926e+00 1.161015118151350833e+00 1.049870702706722891e+00 9.328908511567824968e-01 7.550616794573974389e-01 4.751515980649064219e-01
1.201903269427698095e+00 1.174464064849788825e+00 1.063365114722462090e+00 9.461789460509619776e-01 7.674475522414268003e-01 4.842435336619563269e-01
1.215293171598980759e+00 1.187897457369221366e+00 1.076844440280701365e+00 9.594584530172087788e-01 7.798447354202008297e-01 4.933839012675345637e-01
1.228668584530358210e+00 1.201315602941730454e+00 1.090308938940028671e+00 9.727293818685398552e-01 7.922526549332230550e-01 5.025718114796566827e-01
1.242029783723155756e+00 1.214718798882877149e+00 1.103758863578442329e+00 9.859917475747123072e-01 8.046707628241446253e-01 5.118063891164001955e-01
1.255377036069549979e+00 1.228107333029620163e+00 1.117194460599981953e+00 9.992455698000126674e-01 8.170985359277866955e-01 5.210867732758349691e-01
1.268710600222426210e+00 1.241481484154221659e+00 1.130615970135610659e+00 1.012490872478996051e+00 8.295354746306183857e-01 5.304121173665434785e-01
1.282030726945430521e+00 1.254841522355633510e+00 1.144023626238255265e+00 1.025727683426871373e+00 8.419811017001903597e-01 5.397815891112943687e-01
1.295337659444430356e+00 1.268187709429797527e+00 1.157417657071980743e+00 1.038956033981543570e+00 8.544349611793286003e-01 5.491943705262685160e-01
1.308631633681520245e+00 1.281520299220156645e+00 1.170798285095303815e+00 1.052175958674608003e+00 8.668966173411579712e-01 5.586496578780792976e-01
1.321912878672648839e+00 1.294839537949628916e+00 1.184165727238706278e+00 1.065387494928841328e+00 8.793656537012890517e-01 5.681466616206796161e-01
1.335181616769852475e+00 1.308145664535173225e+00 1.197520195076409610e+00 1.078590682779957621e+00 8.918416720837361034e-01 5.776846063140986809e-01
1.348438063929045860e+00 1.321438910886037599e+00 1.210861894992523169e+00 1.091785564620619375e+00 9.043242917373585099e-01 5.872627305268248721e-01
1.361682429964227836e+00 1.334719502186679563e+00 1.224191028341670595e+00 1.104972184964848614e+00 9.168131484998213176e-01 5.968802867235103449e-01
1.374914918788923801e+00 1.347987657165285791e+00 1.237507791604224971e+00 1.118150590231170138e+00 9.293078940062656779e-01 6.065365411395561290e-01
1.388135728645624178e+00 1.361243588348775457e+00 1.250812376536295067e+00 1.131320828542963453e+00 9.418081949400624042e-01 6.162307736440232331e-01
1.401345052323932361e+00 1.374487502305087538e+00 1.264104970314599452e+00 1.144482949544621597e+00 9.543137323231821734e-01 6.259622775921999116e-01
1.414543077368074719e+00 1.387719599873498355e+00 1.277385755676372803e+00 1.157637004232249689e+00 9.668242008438722168e-01 6.357303596690538905e-01
1.427729986274403728e+00 1.400940076383698107e+00 1.290654911054470055e+00 1.170783044797744532e+00 9.793393082194878918e-01 6.455343397247119697e-01
1.440905956679469080e+00 1.414149121864262781e+00 1.303912610707804731e+00 1.183921124485189047e+00 9.918587745924402066e-01 6.553735506030040625e-01
1.454071161539191026e+00 1.427346921241140043e+00 1.317159024847275761e+00 1.197051297458586516e+00 1.004382331957371921e+00 6.652473379640391205e-01
1.467225769299648430e+00 1.440533654526733542e+00 1.330394319757343569e+00 1.210173618680050689e+00 1.016909723617771322e+00 6.751550601016950148e-01
1.480369944059950038e+00 1.453709497000101658e+00 1.343618657913384640e+00 1.223288143797628402e+00 1.029440703670360113e+00 6.850960877568291751e-01
1.493503845727629065e+00 1.466874619378789601e+00 1.356832198094991560e+00 1.236394929042011093e+00 1.041975036515680353e+00 6.950698039269579409e-01
1.506627630166980092e+00 1.480029187982749184e+00 1.370035095495343747e+00 1.249494031131445970e+00 1.054512496393418486e+00 7.050756036730805310e-01
1.519741449340718420e+00 1.493173364890794108e+00 1.383227501826801875e+00 1.262585507184213807e+00 1.067052866941072597e+00 7.151128939242672455e-01
1.532845451445325136e+00 1.506307308089987584e+00 1.396409565422849441e+00 1.275669414638096244e+00 1.079595940774674689e+00 7.251810932805820009e-01
1.545939781040423178e+00 1.519431171618364163e+00 1.409581431336526247e+00 1.288745811176298828e+00 1.092141519090347401e+00 7.352796318148528965e-01
1.559024579172496594e+00 1.532545105701326404e+00 1.422743241435477479e+00 1.301814754659338380e+00 1.104689411285544542e+00 7.454079508737565529e-01
1.572099983493252751e+00 1.545649256882065670e+00 1.435895134493734515e+00 1.314876303062441965e+00 1.117239434598904957e+00 7.555655028786468774e-01
1.585166128372908378e+00 1.558743768146317876e+00 1.449037246280362679e+00 1.327930514418042884e+00 1.129791413767700758e+00 7.657517511265116150e-01
1.598223145008663915e+00 1.571828779041752444e+00 1.462169709645082305e+00 1.340977446762990910e+00 1.142345180701933582e+00 7.759661695914024104e-01
1.611271161528611273e+00 1.584904425792274640e+00 1.475292654600979692e+00 1.354017158090122575e+00 1.154900574174180239e+00 7.862082427266575690e-01
1.624310303091313079e+00 1.597970841407501563e+00 1.488406208404415620e+00 1.367049706303868017e+00 1.167457439524343554e+00 7.964774652681966272e-01
1.637340691981255425e+00 1.611028155787648464e+00 1.501510495632233155e+00 1.380075149179581517e+00 1.180015628378513926e+00 8.067733420391399735e-01
1.650362447700405077e+00 1.624076495824082977e+00 1.514605638256371734e+00 1.393093544326341471e+00 1.192574998381195739e+00 8.170953877559824496e-01
1.663375687056044994e+00 1.637115985495730008e+00 1.527691755715977928e+00 1.406104949152936490e+00 1.205135412940197215e+00 8.274431268365196601e-01
1.676380524245077774e+00 1.650146745961565964e+00 1.540768964987116574e+00 1.419109420836823121e+00 1.217696740983511550e+00 8.378160932097121760e-01
1.689377070934966474e+00 1.663168895649363543e+00 1.553837380650155309e+00 1.432107016295819379e+00 1.230258856727571182e+00 8.482138301276348491e-01
1.702365436341485960e+00 1.676182550340904687e+00 1.566897114954928671e+00 1.445097792162342243e+00 1.242821639456286764e+00 8.586358899796642241e-01
1.715345727303414947e+00 1.689187823253794907e+00 1.579948277883747032e+00 1.458081804759997491e+00 1.255384973310303964e+00 8.690818341090122967e-01
1.728318048354341441e+00 1.702184825120075296e+00 1.592990977212348946e+00 1.471059110082343802e+00 1.267948747085964945e+00 8.795512326317220797e-01
1.741282501791691972e+00 1.715173664261760766e+00 1.606025318568851779e+00 1.484029763773684341e+00 1.280512854043477811e+00 8.900436642582087998e-01
1.754239187743135808e+00 1.728154446663464405e+00 1.619051405490796958e+00 1.496993821111719747e+00 1.293077191723817077e+00 9.005587161174265498e-01
1.767188204230467408e+00 1.741127276042234495e+00 1.632069339480344050e+00 1.509951336991936399e+00 1.305641661773925044e+00 9.110959835837240117e-01
1.780129647231093015e+00 1.754092253914736554e+00 1.645079220057686920e+00 1.522902365913597622e+00 1.318206169779789105e+00 9.216550701064422091e-01
1.793063610737232860e+00 1.767049479661908951e+00 1.658081144812764363e+00 1.535846961967223256e+00 1.330770625107011274e+00 9.322355870422978086e-01
1.805990186812932441e+00 1.779999050591194676e+00 1.671075209455318289e+00 1.548785178823441910e+00 1.343334940748483808e+00 9.428371534905869433e-01
1.818909465648984813e+00 1.792941061996469410e+00 1.684061507863360507e+00 1.561717069723115747e+00 1.355899033178827651e+00 9.534593961312266552e-01
1.831821535615864915e+00 1.805875607215764900e+00 1.697040132130118506e+00 1.574642687468654767e+00 1.368462822215266605e+00 9.641019490656663748e-01
1.844726483314745646e+00 1.818802777686883587e+00 1.710011172609494645e+00 1.587562084416406671e+00 1.381026230884604189e+00 9.747644536606575594e-01
1.857624393626702508e+00 1.831722663001005502e+00 1.722974717960116919e+00 1.600475312470072353e+00 1.393589185296026489e+00 9.854465583949095775e-01
1.870515349760160984e+00 1.844635350954365594e+00 1.735930855188008382e+00 1.613382423075047978e+00 1.406151614519434379e+00 9.961479187086098586e-01
1.883399433296683245e+00 1.857540927598092972e+00 1.748879669687944283e+00 1.626283467213632594e+00 1.418713450469044624e+00 1.006868196855809527e+00
1.896276724235151701e+00 1.870439477286285790e+00 1.761821245283534010e+00 1.639178495401038660e+00 1.431274627792005427e+00 1.017607061759665976e+00
1.909147301034421762e+00 1.883331082722401018e+00 1.774755664266072008e+00 1.652067557682138199e+00 1.443835083761789040e+00 1.028364188870516172e+00
1.922011240654510011e+00 1.896215825004031741e+00 1.787683007432210758e+00 1.664950703628891748e+00 1.456394758176130289e+00 1.039139260026769485e+00
1.934868618596374601e+00 1.909093783666131028e+00 1.800603354120486221e+00 1.677827982338409241e+00 1.468953593259304302e+00 1.049931963318592398e+00
1.947719508940350730e+00 1.921965036722765863e+00 1.813516782246747949e+00 1.690699442431593313e+00 1.481511533568526939e+00 1.060741992954361557e+00
1.960563984383291158e+00 1.934829660707434229e+00 1.826423368338518483e+00 1.703565132052315967e+00 1.494068525904298728e+00 1.071569049129848850e+00
1.973402116274471041e+00 1.947687730712034160e+00 1.839323187568334461e+00 1.716425098867091048e+00 1.506624519224499581e+00 1.082412837900120106e+00
1.986233974650299494e+00 1.960539320424522280e+00 1.852216313786093194e+00 1.729279390065205035e+00 1.519179464562063986e+00 1.093273071054099876e+00
1.999059628267893629e+00 1.973384502165312471e+00 1.865102819550447322e+00 1.742128052359261048e+00 1.531733314946069902e+00 1.104149465991778323e+00
2.011879144637558792e+00 1.986223346922488364e+00 1.877982776159276890e+00 1.754971131986117205e+00 1.544286025326092826e+00 1.115041745604018919e+00
2.024692590054203212e+00 1.999055924385835681e+00 1.890856253679260135e+00 1.767808674708165384e+00 1.556837552499651833e+00 1.125949638154920995e+00
2.037500029627762554e+00 2.011882302979796311e+00 1.903723320974606503e+00 1.780640725814949921e+00 1.569387855042650992e+00 1.136872877166719586e+00
2.050301527312635930e+00 2.024702549895330161e+00 1.916584045734937014e+00 1.793467330125074533e+00 1.581936893242626985e+00 1.147811201307157969e+00
2.063097145936192867e+00 2.037516731120772473e+00 1.929438494502371038e+00 1.806288531988379020e+00 1.594484629034724543e+00 1.158764354279306241e+00
2.075886947226389445e+00 2.050324911471698819e+00 1.942286732697843243e+00 1.819104375288375541e+00 1.607031025940244273e+00 1.169732084713783538e+00
2.088670991838504687e+00 2.063127154619845527e+00 1.955128824646656716e+00 1.831914903444900267e+00 1.619576049007669161e+00 1.180714146063335468e+00
2.101449339381069148e+00 2.075923523121125491e+00 1.967964833603329744e+00 1.844720159416979088e+00 1.632119664756046307e+00 1.191710296499734367e+00
2.114222048440969726e+00 2.088714078442759803e+00 1.980794821775724079e+00 1.857520185705875182e+00 1.644661841120625967e+00 1.202720298812946176e+00
2.126989176607802179e+00 2.101498880989583817e+00 1.993618850348516158e+00 1.870315024358313538e+00 1.657202547400663528e+00 1.213743920312540414e+00
2.139750780497476690e+00 2.114277990129525442e+00 2.006436979505996199e+00 1.883104716969851600e+00 1.669741754209275175e+00 1.224780932731279304e+00
2.152506915775106666e+00 2.127051464218313814e+00 2.019249268454242241e+00 1.895889304688389343e+00 1.682279433425272419e+00 1.235831112130858500e+00
2.165257637177218975e+00 2.139819360623443689e+00 2.032055775442687118e+00 1.908668828217814362e+00 1.694815558146888446e+00 1.246894238809755917e+00
2.178002998533290935e+00 2.152581735747396419e+00 2.044856557785083240e+00 1.921443327821738656e+00 1.707350102647300805e+00 1.257970097213136018e+00
2.190743052786657596e+00 2.165338645050185473e+00 2.057651671879900057e+00 1.934212843327352438e+00 1.719883042331887602e+00 1.269058475844778044e+00
2.203477852014802618e+00 2.178090143071222506e+00 2.070441173230169074e+00 1.946977414129355655e+00 1.732414353697143694e+00 1.280159167180985103e+00
2.216207447449046963e+00 2.190836283450530164e+00 2.083225116462785298e+00 1.959737079193966558e+00 1.744944014291171186e+00 1.291271967586426372e+00
2.228931889493678487e+00 2.203577118949340719e+00 2.096003555347295322e+00 1.972491877063001331e+00 1.757472002675693812e+00 1.302396677231879352e+00
2.241651227744521968e+00 2.216312701470090740e+00 2.108776542814182697e+00 1.985241845858012111e+00 1.769998298389524605e+00 1.313533100013827948e+00
2.254365511006974021e+00 2.229043082075831350e+00 2.121544130972662590e+00 1.997987023284468311e+00 1.782522881913424451e+00 1.324681043475876008e+00
2.267074787313530848e+00 2.241768311009085135e+00 2.134306371128007029e+00 2.010727446635987903e+00 1.795045734636291135e+00 1.335840318731940091e+00
2.279779103940817730e+00 2.254488437710154614e+00 2.147063313798414086e+00 2.023463152798598674e+00 1.807566838822633137e+00 1.347010740391176631e+00
2.292478507426129575e+00 2.267203510834916891e+00 2.159815008731431618e+00 2.036194178255022802e+00 1.820086177581264675e+00 1.358192126484612849e+00
2.305173043583525594e+00 2.279913578272112495e+00 2.172561504919958697e+00 2.048920559088995397e+00 1.832603734835178244e+00 1.369384298393437449e+00
2.317862757519461248e+00 2.292618687160144386e+00 2.185302850617822035e+00 2.061642330989589045e+00 1.845119495292539380e+00 1.380587080778920894e+00
2.330547693648002738e+00 2.305318883903416438e+00 2.198039093354962947e+00 2.074359529255552559e+00 1.857633444418772095e+00 1.391800301513918869e+00
2.343227895705600528e+00 2.318014214188202082e+00 2.210770279952217532e+00 2.087072188799650618e+00 1.870145568409661507e+00 1.403023791615927607e+00
2.355903406765493813e+00 2.330704722998095058e+00 2.223496456535733135e+00 2.099780344153014511e+00 1.882655854165474762e+00 1.414257385181668214e+00
2.368574269251690900e+00 2.343390454629020958e+00 2.236217668551014448e+00 2.112484029469478664e+00 1.895164289266020541e+00 1.425500919323138271e+00
2.381240524952592530e+00 2.356071452703846436e+00 2.248933960776606789e+00 2.125183278529921616e+00 1.907670861946624496e+00 1.436754234105126482e+00
2.393902215034243053e+00 2.368747760186588280e+00 2.261645377337444529e+00 2.137878124746578568e+00 1.920175561074993542e+00 1.448017172484131310e+00
2.406559380053229891e+00 2.381419419396243242e+00 2.274351961717855808e+00 2.150568601167365035e+00 1.932678376128913689e+00 1.459289580248674278e+00
2.419212059969242379e+00 2.394086472020243939e+00 2.287053756774249269e+00 2.163254740480163640e+00 1.945179297174766786e+00 1.470571305960952646e+00
2.431860294157294433e+00 2.406748959127563037e+00 2.299750804747485500e+00 2.175936575017096253e+00 1.957678314846817313e+00 1.481862200899823012e+00
2.444504121419637244e+00 2.419406921181458614e+00 2.312443147274936717e+00 2.188614136758781026e+00 1.970175420327255011e+00 1.493162119005065902e+00
2.457143579997350002e+00 2.432060398051895334e+00 2.325130825402257351e+00 2.201287457338555686e+00 1.982670605326950275e+00 1.504470916822911120e+00
2.469778707581643751e+00 2.444709429027636993e+00 2.337813879594862421e+00 2.213956568046681284e+00 1.995163862066903881e+00 1.515788453452797446e+00
2.482409541324857027e+00 2.457354052828021107e+00 2.350492349749126131e+00 2.226621499834512630e+00 2.007655183260352860e+00 1.527114590495324720e+00
2.495036117851191726e+00 2.469994307614432394e+00 2.363166275203313571e+00 2.239282283318643429e+00 2.020144562095525842e+00 1.538449192001386301e+00
2.507658473267155852e+00 2.482630231001480503e+00 2.375835694748242410e+00 2.251938948785015437e+00 2.032631992218997041e+00 1.549792124422439299e+00
2.520276643171751818e+00 2.495261860067889526e+00 2.388500646637689684e+00 2.264591526192989424e+00 2.045117467719641091e+00 1.561143256561897674e+00
2.532890662666412940e+00 2.507889231367115723e+00 2.401161168598560547e+00 2.277240045179404149e+00 2.057600983113151205e+00 1.572502459527617136e+00
2.545500566364678363e+00 2.520512380937690811e+00 2.413817297840796794e+00 2.289884535062565174e+00 2.070082533327096463e+00 1.583869606685440523e+00
2.558106388401640618e+00 2.533131344313308997e+00 2.426469071067069549e+00 2.302525024846231005e+00 2.082562113686514671e+00 1.595244573613788353e+00
2.570708162443147593e+00 2.545746156532659121e+00 2.439116524482229043e+00 2.315161543223532625e+00 2.095039719899997266e+00 1.606627238059262330e+00
2.583305921694790008e+00 2.558356852149014316e+00 2.451759693802542550e+00 2.327794118580881477e+00 2.107515348046269832e+00 1.618017479893245625e+00
2.595899698910653974e+00 2.570963465239582746e+00 2.464398614264709853e+00 2.340422779001812614e+00 2.119988994561234019e+00 1.629415181069460816e+00
2.608489526401880365e+00 2.583566029414630094e+00 2.477033320634678404e+00 2.353047552270809195e+00 2.132460656225457107e+00 1.640820225582485525e+00
2.621075436044995932e+00 2.596164577826376885e+00 2.489663847216243564e+00 2.365668465877073690e+00 2.144930330152103437e+00 1.652232499427182200e+00
2.633657459290060565e+00 2.608759143177678652e+00 2.502290227859457428e+00 2.378285547018263113e+00 2.157398013775270851e+00 1.663651890559031399e+00
2.646235627168610716e+00 2.621349757730506269e+00 2.514912495968852468e+00 2.390898822604188734e+00 2.169863704838739693e+00 1.675078288855348596e+00
2.658809970301408310e+00 2.633936453314192683e+00 2.527530684511453796e+00 2.403508319260454051e+00 2.182327401385093957e+00 1.686511586077345415e+00
2.671380518906026236e+00 2.646519261333529105e+00 2.540144826024641755e+00 2.416114063332081230e+00 2.194789101745230564e+00 1.697951675833053065e+00
2.683947302804231771e+00 2.659098212776620507e+00 2.552754952623809359e+00 2.428716080887071804e+00 2.207248804528216368e+00 1.709398453541037144e+00
2.696510351429207919e+00 2.671673338222583904e+00 2.565361096009863395e+00 2.441314397719930973e+00 2.219706508611487994e+00 1.720851816394930900e+00
2.709069693832611758e+00 2.684244667849063681e+00 2.577963287476555454e+00 2.453909039355163468e+00 2.232162213131404283e+00 1.732311663328742979e+00
2.721625358691453833e+00 2.696812231439549734e+00 2.590561557917640201e+00 2.466500031050699260e+00 2.244615917474083400e+00 1.743777894982917243e+00
2.734177374314831876e+00 2.709376058390551734e+00 2.603155937833888878e+00 2.479087397801309045e+00 2.257067621266587665e+00 1.755250413671151533e+00
2.746725768650508215e+00 2.721936177718590866e+00 2.615746457339940712e+00 2.491671164341958455e+00 2.269517324368384603e+00 1.766729123347929864e+00
2.759270569291325970e+00 2.734492618067032144e+00 2.628333146170997114e+00 2.504251355151118741e+00 2.281965026863092216e+00 1.778213929576770491e+00
2.771811803481494696e+00 2.747045407712762621e+00 2.640916033689387099e+00 2.516827994454052142e+00 2.294410729050516018e+00 1.789704739499160313e+00
